1,trimed_rice,Change in Mean,0.9174879593271796,0.0012758699999722012,[0, 500, 1000, 1500, 2000, 2500],[0, 500, 1000, 1043, 1088, 1500, 1899, 2000, 2500]
1,trimed_rice,change KNN,1.0,1.3694749729999103,[0, 500, 1000, 1500, 2000, 2500],[0, 500, 1000, 1500, 2000, 2500]
1,trimed_rice,KCP-rbf,0.0,2.46375510200005,[0, 500, 1000, 1500, 2000, 2500],[0, 2500]
1,trimed_rice,KCP-linear,0.8922868175394283,1.024148556,[0, 500, 1000, 1500, 2000, 2500],[0, 500, 1000, 1005, 1008, 1165, 1169, 1174, 1181, 1253, 1255, 1266, 1268, 1275, 1277, 1356, 1358, 1398, 1400, 1500, 2000, 2500]
1,trimed_rice,MultiRank,1.0,18.837603607999995,[0, 500, 1000, 1500, 2000, 2500],[   0  500 1000 1500 2000 2500]
1,trimed_rice,Change Forest,1.0,2.7857463800000914,[0, 500, 1000, 1500, 2000, 2500],[0, 500, 1000, 1500, 2000, 2500]
2,trimed_rice,Change in Mean,0.9116021910789959,0.0005897269999195487,[0, 500, 1000, 1500, 2000, 2500],[0, 501, 1000, 1076, 1500, 2000, 2049, 2092, 2121, 2500]
2,trimed_rice,change KNN,0.9989993989987583,0.9745812710000337,[0, 500, 1000, 1500, 2000, 2500],[0, 501, 1000, 1500, 2000, 2500]
2,trimed_rice,KCP-rbf,0.0,2.764958712999942,[0, 500, 1000, 1500, 2000, 2500],[0, 2500]
2,trimed_rice,KCP-linear,0.9480613498713423,1.2146127739999883,[0, 500, 1000, 1500, 2000, 2500],[0, 501, 1000, 1500, 2000, 2049, 2110, 2119, 2500]
2,trimed_rice,MultiRank,0.7823360334465639,18.098001358000033,[0, 500, 1000, 1500, 2000, 2500],[   0 1000 1500 2000 2500]
2,trimed_rice,Change Forest,0.9989993989987583,2.896274422999909,[0, 500, 1000, 1500, 2000, 2500],[0, 501, 1000, 1500, 2000, 2500]
3,trimed_rice,Change in Mean,0.8658594141483397,0.0006025420000241866,[0, 500, 1000, 1500, 2000, 2500],[0, 500, 1000, 1089, 1370, 1401, 1429, 1470, 1500, 2000, 2116, 2500]
3,trimed_rice,change KNN,1.0,0.8346739150000531,[0, 500, 1000, 1500, 2000, 2500],[0, 500, 1000, 1500, 2000, 2500]
3,trimed_rice,KCP-rbf,0.0,1.8640891840000222,[0, 500, 1000, 1500, 2000, 2500],[0, 2500]
3,trimed_rice,KCP-linear,0.9266099679235675,1.6574709589999657,[0, 500, 1000, 1500, 2000, 2500],[0, 500, 1000, 1071, 1073, 1370, 1372, 1500, 2000, 2500]
3,trimed_rice,MultiRank,0.9989993989987583,18.812786963000008,[0, 500, 1000, 1500, 2000, 2500],[   0  500 1000 1499 2000 2500]
3,trimed_rice,Change Forest,1.0,2.7726094139999304,[0, 500, 1000, 1500, 2000, 2500],[0, 500, 1000, 1500, 2000, 2500]
4,trimed_rice,Change in Mean,1.0,0.0004800030000069455,[0, 500, 1000, 1500, 2000, 2500],[0, 500, 1000, 1500, 2000, 2500]
4,trimed_rice,change KNN,1.0,0.8384974150000062,[0, 500, 1000, 1500, 2000, 2500],[0, 500, 1000, 1500, 2000, 2500]
4,trimed_rice,KCP-rbf,0.0,1.7626023740000392,[0, 500, 1000, 1500, 2000, 2500],[0, 2500]
4,trimed_rice,KCP-linear,0.9434069174248597,1.028079203999937,[0, 500, 1000, 1500, 2000, 2500],[0, 500, 1000, 1500, 1864, 1867, 1941, 1945, 1997, 2000, 2500]
4,trimed_rice,MultiRank,0.7818446479782217,20.067806399999995,[0, 500, 1000, 1500, 2000, 2500],[   0  500 1000 1999 2500]
4,trimed_rice,Change Forest,1.0,2.8029467030000887,[0, 500, 1000, 1500, 2000, 2500],[0, 500, 1000, 1500, 2000, 2500]
5,trimed_rice,Change in Mean,0.8997578975407153,0.0005056730000205789,[0, 500, 1000, 1500, 2000, 2500],[0, 500, 1000, 1500, 2000, 2030, 2221, 2344, 2410, 2443, 2500]
5,trimed_rice,change KNN,1.0,0.8296984029999521,[0, 500, 1000, 1500, 2000, 2500],[0, 500, 1000, 1500, 2000, 2500]
5,trimed_rice,KCP-rbf,0.0,1.7496119720000252,[0, 500, 1000, 1500, 2000, 2500],[0, 2500]
5,trimed_rice,KCP-linear,0.9358630351525412,1.0141697970000223,[0, 500, 1000, 1500, 2000, 2500],[0, 500, 1000, 1500, 2000, 2221, 2500]
5,trimed_rice,MultiRank,0.7823360334465639,19.724288500000057,[0, 500, 1000, 1500, 2000, 2500],[   0  500 1500 2000 2500]
5,trimed_rice,Change Forest,1.0,2.974440153000046,[0, 500, 1000, 1500, 2000, 2500],[0, 500, 1000, 1500, 2000, 2500]
6,trimed_rice,Change in Mean,0.9550154034842749,0.000534675000039897,[0, 500, 1000, 1500, 2000, 2500],[0, 500, 1000, 1500, 1613, 2000, 2500]
6,trimed_rice,change KNN,1.0,0.825182070999972,[0, 500, 1000, 1500, 2000, 2500],[0, 500, 1000, 1500, 2000, 2500]
6,trimed_rice,KCP-rbf,0.0,1.7219579909999538,[0, 500, 1000, 1500, 2000, 2500],[0, 2500]
6,trimed_rice,KCP-linear,1.0,1.0156136809999907,[0, 500, 1000, 1500, 2000, 2500],[0, 500, 1000, 1500, 2000, 2500]
6,trimed_rice,MultiRank,1.0,19.554328897000005,[0, 500, 1000, 1500, 2000, 2500],[   0  500 1000 1500 2000 2500]
6,trimed_rice,Change Forest,1.0,3.9599565250000524,[0, 500, 1000, 1500, 2000, 2500],[0, 500, 1000, 1500, 2000, 2500]
7,trimed_rice,Change in Mean,0.8267005698156344,0.0006001299999525145,[0, 500, 1000, 1500, 2000, 2500],[0, 311, 390, 500, 1000, 1500, 1688, 1713, 1813, 1843, 2000, 2500]
7,trimed_rice,change KNN,1.0,0.8425384629999826,[0, 500, 1000, 1500, 2000, 2500],[0, 500, 1000, 1500, 2000, 2500]
7,trimed_rice,KCP-rbf,0.0,1.7477904620000118,[0, 500, 1000, 1500, 2000, 2500],[0, 2500]
7,trimed_rice,KCP-linear,0.9345614234377193,1.010045079000065,[0, 500, 1000, 1500, 2000, 2500],[0, 500, 1000, 1500, 1768, 1771, 2000, 2500]
7,trimed_rice,MultiRank,0.7823360334465639,19.405975821000084,[0, 500, 1000, 1500, 2000, 2500],[   0  500 1500 2000 2500]
7,trimed_rice,Change Forest,1.0,4.722356378999962,[0, 500, 1000, 1500, 2000, 2500],[0, 500, 1000, 1500, 2000, 2500]
8,trimed_rice,Change in Mean,0.956189380622994,0.0005147990000295977,[0, 500, 1000, 1500, 2000, 2500],[0, 500, 1000, 1500, 2000, 2391, 2500]
8,trimed_rice,change KNN,1.0,0.8513784030000124,[0, 500, 1000, 1500, 2000, 2500],[0, 500, 1000, 1500, 2000, 2500]
8,trimed_rice,KCP-rbf,0.0,1.7504546899999696,[0, 500, 1000, 1500, 2000, 2500],[0, 2500]
8,trimed_rice,KCP-linear,0.9182390125240695,1.0261730830000033,[0, 500, 1000, 1500, 2000, 2500],[0, 500, 1000, 1500, 2000, 2005, 2010, 2029, 2037, 2059, 2063, 2102, 2105, 2391, 2400, 2500]
8,trimed_rice,MultiRank,0.7823360334465639,18.780155994999973,[0, 500, 1000, 1500, 2000, 2500],[   0  500 1500 2000 2500]
8,trimed_rice,Change Forest,1.0,3.6071066039999096,[0, 500, 1000, 1500, 2000, 2500],[0, 500, 1000, 1500, 2000, 2500]
9,trimed_rice,Change in Mean,1.0,0.0008161799999015784,[0, 500, 1000, 1500, 2000, 2500],[0, 500, 1000, 1500, 2000, 2500]
9,trimed_rice,change KNN,0.9857565734251007,1.360941386000036,[0, 500, 1000, 1500, 2000, 2500],[0, 470, 500, 1000, 1500, 2000, 2500]
9,trimed_rice,KCP-rbf,0.0,2.1002943089999917,[0, 500, 1000, 1500, 2000, 2500],[0, 2500]
9,trimed_rice,KCP-linear,0.9158755930880782,1.0206782200000362,[0, 500, 1000, 1500, 2000, 2500],[0, 84, 90, 139, 142, 174, 176, 192, 195, 213, 217, 498, 500, 1000, 1500, 2000, 2500]
9,trimed_rice,MultiRank,0.9980008048108889,19.151367066000034,[0, 500, 1000, 1500, 2000, 2500],[   0  498 1000 1500 2000 2500]
9,trimed_rice,Change Forest,1.0,2.7918034539999326,[0, 500, 1000, 1500, 2000, 2500],[0, 500, 1000, 1500, 2000, 2500]
10,trimed_rice,Change in Mean,0.8932014751515376,0.0007069709999996121,[0, 500, 1000, 1500, 2000, 2500],[0, 500, 536, 717, 759, 794, 881, 921, 949, 1000, 1500, 2000, 2500]
10,trimed_rice,change KNN,1.0,1.2318104339999536,[0, 500, 1000, 1500, 2000, 2500],[0, 500, 1000, 1500, 2000, 2500]
10,trimed_rice,KCP-rbf,0.0,2.7502188659999547,[0, 500, 1000, 1500, 2000, 2500],[0, 2500]
10,trimed_rice,KCP-linear,0.8880644616459913,1.044823723000036,[0, 500, 1000, 1500, 2000, 2500],[0, 500, 531, 536, 648, 650, 663, 665, 759, 761, 835, 839, 932, 938, 1000, 1500, 2000, 2500]
10,trimed_rice,MultiRank,1.0,18.614431372000013,[0, 500, 1000, 1500, 2000, 2500],[   0  500 1000 1500 2000 2500]
10,trimed_rice,Change Forest,1.0,2.853486088000068,[0, 500, 1000, 1500, 2000, 2500],[0, 500, 1000, 1500, 2000, 2500]
11,trimed_rice,Change in Mean,0.9349713613484103,0.0005713130000231104,[0, 500, 1000, 1500, 2000, 2500],[0, 56, 170, 500, 1000, 1500, 2000, 2500]
11,trimed_rice,change KNN,1.0,0.834353684000007,[0, 500, 1000, 1500, 2000, 2500],[0, 500, 1000, 1500, 2000, 2500]
11,trimed_rice,KCP-rbf,0.0,2.2040172320000693,[0, 500, 1000, 1500, 2000, 2500],[0, 2500]
11,trimed_rice,KCP-linear,0.9022324110305725,1.6812711430000036,[0, 500, 1000, 1500, 2000, 2500],[0, 56, 111, 113, 213, 215, 426, 430, 500, 1000, 1500, 2000, 2500]
11,trimed_rice,MultiRank,1.0,18.309847891999993,[0, 500, 1000, 1500, 2000, 2500],[   0  500 1000 1500 2000 2500]
11,trimed_rice,Change Forest,1.0,2.8801629260000254,[0, 500, 1000, 1500, 2000, 2500],[0, 500, 1000, 1500, 2000, 2500]
12,trimed_rice,Change in Mean,0.9809349833235268,0.0005842350000193619,[0, 500, 1000, 1500, 2000, 2500],[0, 459, 500, 1000, 1500, 2000, 2500]
12,trimed_rice,change KNN,1.0,0.8328412910000225,[0, 500, 1000, 1500, 2000, 2500],[0, 500, 1000, 1500, 2000, 2500]
12,trimed_rice,KCP-rbf,0.0,1.768185352000046,[0, 500, 1000, 1500, 2000, 2500],[0, 2500]
12,trimed_rice,KCP-linear,0.904203895576843,1.180157521999945,[0, 500, 1000, 1500, 2000, 2500],[0, 500, 1000, 1500, 1657, 1660, 1700, 1704, 1840, 1844, 2000, 2500]
12,trimed_rice,MultiRank,1.0,19.151776757999983,[0, 500, 1000, 1500, 2000, 2500],[   0  500 1000 1500 2000 2500]
12,trimed_rice,Change Forest,1.0,2.8184406170000784,[0, 500, 1000, 1500, 2000, 2500],[0, 500, 1000, 1500, 2000, 2500]
13,trimed_rice,Change in Mean,1.0,0.000510201999986748,[0, 500, 1000, 1500, 2000, 2500],[0, 500, 1000, 1500, 2000, 2500]
13,trimed_rice,change KNN,1.0,0.8363466690000223,[0, 500, 1000, 1500, 2000, 2500],[0, 500, 1000, 1500, 2000, 2500]
13,trimed_rice,KCP-rbf,0.0,1.7865865879998637,[0, 500, 1000, 1500, 2000, 2500],[0, 2500]
13,trimed_rice,KCP-linear,0.9022761949205633,1.0459394239999256,[0, 500, 1000, 1500, 2000, 2500],[0, 500, 1000, 1002, 1084, 1087, 1224, 1227, 1315, 1320, 1500, 2000, 2500]
13,trimed_rice,MultiRank,0.7823360334465639,20.246688822999886,[0, 500, 1000, 1500, 2000, 2500],[   0  500 1000 1500 2500]
13,trimed_rice,Change Forest,1.0,2.8387570849999975,[0, 500, 1000, 1500, 2000, 2500],[0, 500, 1000, 1500, 2000, 2500]
14,trimed_rice,Change in Mean,0.9485157457390402,0.0005636349999349477,[0, 500, 1000, 1500, 2000, 2500],[0, 500, 1000, 1474, 1500, 1592, 2000, 2500]
14,trimed_rice,change KNN,1.0,0.8371624069998234,[0, 500, 1000, 1500, 2000, 2500],[0, 500, 1000, 1500, 2000, 2500]
14,trimed_rice,KCP-rbf,0.0,1.7400735730000179,[0, 500, 1000, 1500, 2000, 2500],[0, 2500]
14,trimed_rice,KCP-linear,0.9945948852736346,1.0150172669998483,[0, 500, 1000, 1500, 2000, 2500],[0, 500, 1000, 1489, 1500, 2000, 2500]
14,trimed_rice,MultiRank,0.7823360334465639,19.887674512999865,[0, 500, 1000, 1500, 2000, 2500],[   0  500 1000 2000 2500]
14,trimed_rice,Change Forest,1.0,3.376635757000031,[0, 500, 1000, 1500, 2000, 2500],[0, 500, 1000, 1500, 2000, 2500]
15,trimed_rice,Change in Mean,0.8795118914536435,0.000583215000006021,[0, 500, 1000, 1500, 2000, 2500],[0, 500, 1000, 1033, 1070, 1107, 1133, 1168, 1209, 1243, 1275, 1309, 1374, 1400, 1500, 2000, 2500]
15,trimed_rice,change KNN,1.0,0.8289708439999686,[0, 500, 1000, 1500, 2000, 2500],[0, 500, 1000, 1500, 2000, 2500]
15,trimed_rice,KCP-rbf,0.0,1.7518098790001204,[0, 500, 1000, 1500, 2000, 2500],[0, 2500]
15,trimed_rice,KCP-linear,0.897950190925054,1.0273522830000275,[0, 500, 1000, 1500, 2000, 2500],[0, 500, 1000, 1174, 1215, 1217, 1309, 1374, 1385, 1500, 2000, 2500]
15,trimed_rice,MultiRank,0.7813549769410703,18.832058454999924,[0, 500, 1000, 1500, 2000, 2500],[   0  998 1500 2000 2500]
15,trimed_rice,Change Forest,1.0,4.718350826999995,[0, 500, 1000, 1500, 2000, 2500],[0, 500, 1000, 1500, 2000, 2500]
16,trimed_rice,Change in Mean,1.0,0.0005267409999305528,[0, 500, 1000, 1500, 2000, 2500],[0, 500, 1000, 1500, 2000, 2500]
16,trimed_rice,change KNN,1.0,0.8290196119999109,[0, 500, 1000, 1500, 2000, 2500],[0, 500, 1000, 1500, 2000, 2500]
16,trimed_rice,KCP-rbf,0.0,1.734821016000069,[0, 500, 1000, 1500, 2000, 2500],[0, 2500]
16,trimed_rice,KCP-linear,0.9261075704681858,1.0236321319998751,[0, 500, 1000, 1500, 2000, 2500],[0, 500, 1000, 1087, 1103, 1409, 1415, 1500, 2000, 2500]
16,trimed_rice,MultiRank,1.0,19.173968853000133,[0, 500, 1000, 1500, 2000, 2500],[   0  500 1000 1500 2000 2500]
16,trimed_rice,Change Forest,0.8965433927192793,4.395082867999918,[0, 500, 1000, 1500, 2000, 2500],[0, 416, 500, 736, 1000, 1500, 2000, 2500]
17,trimed_rice,Change in Mean,0.9040201666016295,0.0007802759998867259,[0, 500, 1000, 1500, 2000, 2500],[0, 500, 1000, 1168, 1311, 1337, 1363, 1500, 2000, 2500]
17,trimed_rice,change KNN,1.0,1.3334874429999672,[0, 500, 1000, 1500, 2000, 2500],[0, 500, 1000, 1500, 2000, 2500]
17,trimed_rice,KCP-rbf,0.0,1.7637190729999475,[0, 500, 1000, 1500, 2000, 2500],[0, 2500]
17,trimed_rice,KCP-linear,0.942777025066813,1.0051339879998977,[0, 500, 1000, 1500, 2000, 2500],[0, 500, 1000, 1338, 1341, 1500, 2000, 2500]
17,trimed_rice,MultiRank,1.0,19.387520416999905,[0, 500, 1000, 1500, 2000, 2500],[   0  500 1000 1500 2000 2500]
17,trimed_rice,Change Forest,1.0,3.2919677950001187,[0, 500, 1000, 1500, 2000, 2500],[0, 500, 1000, 1500, 2000, 2500]
18,trimed_rice,Change in Mean,0.8237190156682401,0.000899933000027886,[0, 500, 1000, 1500, 2000, 2500],[0, 500, 1000, 1500, 1710, 2000, 2073, 2102, 2167, 2194, 2229, 2256, 2305, 2500]
18,trimed_rice,change KNN,1.0,1.3560714069999449,[0, 500, 1000, 1500, 2000, 2500],[0, 500, 1000, 1500, 2000, 2500]
18,trimed_rice,KCP-rbf,0.0,2.301725547999922,[0, 500, 1000, 1500, 2000, 2500],[0, 2500]
18,trimed_rice,KCP-linear,1.0,1.0209714990000975,[0, 500, 1000, 1500, 2000, 2500],[0, 500, 1000, 1500, 2000, 2500]
18,trimed_rice,MultiRank,0.7823360334465639,20.31689133399982,[0, 500, 1000, 1500, 2000, 2500],[   0 1000 1500 2000 2500]
18,trimed_rice,Change Forest,1.0,3.2070112079998125,[0, 500, 1000, 1500, 2000, 2500],[0, 500, 1000, 1500, 2000, 2500]
19,trimed_rice,Change in Mean,1.0,0.0008086279999588442,[0, 500, 1000, 1500, 2000, 2500],[0, 500, 1000, 1500, 2000, 2500]
19,trimed_rice,change KNN,1.0,1.3912634979999439,[0, 500, 1000, 1500, 2000, 2500],[0, 500, 1000, 1500, 2000, 2500]
19,trimed_rice,KCP-rbf,0.0,2.3512661500001286,[0, 500, 1000, 1500, 2000, 2500],[0, 2500]
19,trimed_rice,KCP-linear,1.0,1.0172157520000837,[0, 500, 1000, 1500, 2000, 2500],[0, 500, 1000, 1500, 2000, 2500]
19,trimed_rice,MultiRank,1.0,19.92926174199988,[0, 500, 1000, 1500, 2000, 2500],[   0  500 1000 1500 2000 2500]
19,trimed_rice,Change Forest,1.0,2.811599157999808,[0, 500, 1000, 1500, 2000, 2500],[0, 500, 1000, 1500, 2000, 2500]
20,trimed_rice,Change in Mean,0.7131342901352303,0.0007070440001371026,[0, 500, 1000, 1500, 2000, 2500],[0, 64, 130, 500, 808, 846, 1000, 1142, 1500, 2000, 2247, 2273, 2458, 2500]
20,trimed_rice,change KNN,1.0,0.927633028999935,[0, 500, 1000, 1500, 2000, 2500],[0, 500, 1000, 1500, 2000, 2500]
20,trimed_rice,KCP-rbf,0.0,2.3297424499999124,[0, 500, 1000, 1500, 2000, 2500],[0, 2500]
20,trimed_rice,KCP-linear,0.9843014655439304,1.6949438020001253,[0, 500, 1000, 1500, 2000, 2500],[0, 500, 1000, 1500, 2000, 2029, 2033, 2500]
20,trimed_rice,MultiRank,0.7823360334465639,15.603412020000178,[0, 500, 1000, 1500, 2000, 2500],[   0  500 1000 2000 2500]
20,trimed_rice,Change Forest,1.0,2.8504823600001146,[0, 500, 1000, 1500, 2000, 2500],[0, 500, 1000, 1500, 2000, 2500]
21,trimed_rice,Change in Mean,0.8756784804900175,0.0006791339999381307,[0, 500, 1000, 1500, 2000, 2500],[0, 500, 531, 1000, 1500, 1687, 1732, 1764, 1796, 1851, 1900, 1926, 1953, 2000, 2500]
21,trimed_rice,change KNN,1.0,0.8333945290000884,[0, 500, 1000, 1500, 2000, 2500],[0, 500, 1000, 1500, 2000, 2500]
21,trimed_rice,KCP-rbf,0.0,1.7285973929999727,[0, 500, 1000, 1500, 2000, 2500],[0, 2500]
21,trimed_rice,KCP-linear,0.9601134254981171,1.02085694099992,[0, 500, 1000, 1500, 2000, 2500],[0, 500, 1000, 1500, 1907, 1920, 2000, 2500]
21,trimed_rice,MultiRank,1.0,15.349201543999925,[0, 500, 1000, 1500, 2000, 2500],[   0  500 1000 1500 2000 2500]
21,trimed_rice,Change Forest,1.0,3.8592554410001867,[0, 500, 1000, 1500, 2000, 2500],[0, 500, 1000, 1500, 2000, 2500]
22,trimed_rice,Change in Mean,0.9593517121524554,0.0007399260000511276,[0, 500, 1000, 1500, 2000, 2500],[0, 500, 972, 1000, 1500, 2000, 2060, 2500]
22,trimed_rice,change KNN,1.0,1.3789710129999548,[0, 500, 1000, 1500, 2000, 2500],[0, 500, 1000, 1500, 2000, 2500]
22,trimed_rice,KCP-rbf,0.0,1.7999636020001617,[0, 500, 1000, 1500, 2000, 2500],[0, 2500]
22,trimed_rice,KCP-linear,0.932065160464237,1.025451080000039,[0, 500, 1000, 1500, 2000, 2500],[0, 500, 1000, 1239, 1244, 1248, 1250, 1500, 2000, 2500]
22,trimed_rice,MultiRank,1.0,15.78987608400007,[0, 500, 1000, 1500, 2000, 2500],[   0  500 1000 1500 2000 2500]
22,trimed_rice,Change Forest,0.9880203790556836,2.953328534000093,[0, 500, 1000, 1500, 2000, 2500],[0, 500, 525, 1000, 1500, 2000, 2500]
23,trimed_rice,Change in Mean,0.7173537497166634,0.0006914400000823662,[0, 500, 1000, 1500, 2000, 2500],[0, 333, 500, 668, 754, 783, 1000, 1500, 1917, 2000, 2316, 2352, 2460, 2500]
23,trimed_rice,change KNN,1.0,0.8418377210000472,[0, 500, 1000, 1500, 2000, 2500],[0, 500, 1000, 1500, 2000, 2500]
23,trimed_rice,KCP-rbf,0.0,1.7309644590000062,[0, 500, 1000, 1500, 2000, 2500],[0, 2500]
23,trimed_rice,KCP-linear,0.8897728950080022,1.4179719339999792,[0, 500, 1000, 1500, 2000, 2500],[0, 500, 1000, 1500, 2000, 2014, 2016, 2036, 2040, 2113, 2116, 2287, 2290, 2355, 2360, 2371, 2374, 2406, 2409, 2437, 2459, 2500]
23,trimed_rice,MultiRank,0.7823360334465639,15.006994200000008,[0, 500, 1000, 1500, 2000, 2500],[   0  500 1000 2000 2500]
23,trimed_rice,Change Forest,1.0,3.7029362959999617,[0, 500, 1000, 1500, 2000, 2500],[0, 500, 1000, 1500, 2000, 2500]
24,trimed_rice,Change in Mean,0.887013151860931,0.0009458960000756633,[0, 500, 1000, 1500, 2000, 2500],[0, 500, 1000, 1500, 1526, 1569, 1619, 1663, 1761, 1796, 1906, 2000, 2500]
24,trimed_rice,change KNN,1.0,0.8285863069997959,[0, 500, 1000, 1500, 2000, 2500],[0, 500, 1000, 1500, 2000, 2500]
24,trimed_rice,KCP-rbf,0.0,1.7363010569999915,[0, 500, 1000, 1500, 2000, 2500],[0, 2500]
24,trimed_rice,KCP-linear,0.9124144465114433,1.0259767210000064,[0, 500, 1000, 1500, 2000, 2500],[0, 500, 1000, 1500, 1605, 1610, 1861, 1864, 1891, 1906, 2000, 2500]
24,trimed_rice,MultiRank,1.0,15.876428700999895,[0, 500, 1000, 1500, 2000, 2500],[   0  500 1000 1500 2000 2500]
24,trimed_rice,Change Forest,0.9875640399122427,3.0415979720000905,[0, 500, 1000, 1500, 2000, 2500],[0, 500, 1000, 1500, 2000, 2474, 2500]
25,trimed_rice,Change in Mean,0.7654210754240188,0.0010116950002156955,[0, 500, 1000, 1500, 2000, 2500],[0, 26, 53, 85, 125, 170, 283, 337, 363, 500, 598, 1000, 1218, 1500, 2000, 2500]
25,trimed_rice,change KNN,0.9809349833235268,1.3446887570000854,[0, 500, 1000, 1500, 2000, 2500],[0, 500, 959, 1000, 1500, 2000, 2500]
25,trimed_rice,KCP-rbf,0.0,2.6550054500000897,[0, 500, 1000, 1500, 2000, 2500],[0, 2500]
25,trimed_rice,KCP-linear,0.9427084375367433,1.026159853000081,[0, 500, 1000, 1500, 2000, 2500],[0, 145, 149, 154, 156, 500, 1000, 1500, 2000, 2500]
25,trimed_rice,MultiRank,0.7823360334465639,14.96939482599987,[0, 500, 1000, 1500, 2000, 2500],[   0  500 1000 1500 2500]
25,trimed_rice,Change Forest,1.0,2.8630313610001394,[0, 500, 1000, 1500, 2000, 2500],[0, 500, 1000, 1500, 2000, 2500]
26,trimed_rice,Change in Mean,0.9182335005361485,0.0005481910000071366,[0, 500, 1000, 1500, 2000, 2500],[0, 500, 937, 1000, 1037, 1068, 1448, 1500, 2000, 2500]
26,trimed_rice,change KNN,1.0,0.8364619330000096,[0, 500, 1000, 1500, 2000, 2500],[0, 500, 1000, 1500, 2000, 2500]
26,trimed_rice,KCP-rbf,0.0,1.725946138999916,[0, 500, 1000, 1500, 2000, 2500],[0, 2500]
26,trimed_rice,KCP-linear,0.9375390521544954,1.033604387999958,[0, 500, 1000, 1500, 2000, 2500],[0, 500, 1000, 1023, 1025, 1037, 1056, 1151, 1154, 1500, 2000, 2500]
26,trimed_rice,MultiRank,0.7823360334465639,15.71880956400014,[0, 500, 1000, 1500, 2000, 2500],[   0  500 1000 1500 2500]
26,trimed_rice,Change Forest,1.0,4.569293273999847,[0, 500, 1000, 1500, 2000, 2500],[0, 500, 1000, 1500, 2000, 2500]
27,trimed_rice,Change in Mean,0.8910017528207654,0.001027237000016612,[0, 500, 1000, 1500, 2000, 2500],[0, 500, 534, 649, 725, 784, 920, 946, 1000, 1500, 2000, 2500]
27,trimed_rice,change KNN,1.0,0.9717455500001506,[0, 500, 1000, 1500, 2000, 2500],[0, 500, 1000, 1500, 2000, 2500]
27,trimed_rice,KCP-rbf,0.0,1.769183484999985,[0, 500, 1000, 1500, 2000, 2500],[0, 2500]
27,trimed_rice,KCP-linear,0.9709967712215268,1.0359752039998966,[0, 500, 1000, 1500, 2000, 2500],[0, 500, 935, 938, 1000, 1500, 2000, 2500]
27,trimed_rice,MultiRank,1.0,15.291441150000082,[0, 500, 1000, 1500, 2000, 2500],[   0  500 1000 1500 2000 2500]
27,trimed_rice,Change Forest,1.0,2.8382110850000117,[0, 500, 1000, 1500, 2000, 2500],[0, 500, 1000, 1500, 2000, 2500]
28,trimed_rice,Change in Mean,0.7849553259013803,0.0006879269999444659,[0, 500, 1000, 1500, 2000, 2500],[0, 386, 413, 500, 1000, 1500, 1623, 1786, 1838, 1868, 1926, 2000, 2121, 2500]
28,trimed_rice,change KNN,0.984863617483238,0.8315150670000548,[0, 500, 1000, 1500, 2000, 2500],[0, 468, 500, 1000, 1500, 2000, 2500]
28,trimed_rice,KCP-rbf,0.0,1.7353664770000705,[0, 500, 1000, 1500, 2000, 2500],[0, 2500]
28,trimed_rice,KCP-linear,0.900463520877398,1.5982538589998967,[0, 500, 1000, 1500, 2000, 2500],[0, 500, 1000, 1500, 1681, 1684, 1752, 1756, 1838, 1868, 2000, 2500]
28,trimed_rice,MultiRank,1.0,16.067799955000055,[0, 500, 1000, 1500, 2000, 2500],[   0  500 1000 1500 2000 2500]
28,trimed_rice,Change Forest,0.9980008048108889,2.9476974589999827,[0, 500, 1000, 1500, 2000, 2500],[0, 500, 1002, 1500, 2000, 2500]
29,trimed_rice,Change in Mean,0.9844198445817632,0.0005658739999034879,[0, 500, 1000, 1500, 2000, 2500],[0, 467, 500, 1000, 1500, 2000, 2500]
29,trimed_rice,change KNN,1.0,0.8384035579999818,[0, 500, 1000, 1500, 2000, 2500],[0, 500, 1000, 1500, 2000, 2500]
29,trimed_rice,KCP-rbf,0.0,1.7235642640000606,[0, 500, 1000, 1500, 2000, 2500],[0, 2500]
29,trimed_rice,KCP-linear,0.919143609347858,1.0142223779998858,[0, 500, 1000, 1500, 2000, 2500],[0, 500, 573, 578, 871, 874, 889, 912, 921, 923, 934, 936, 998, 1000, 1500, 2000, 2500]
29,trimed_rice,MultiRank,0.7823360334465639,15.610653133999904,[0, 500, 1000, 1500, 2000, 2500],[   0  500 1000 1500 2500]
29,trimed_rice,Change Forest,1.0,3.117041767000046,[0, 500, 1000, 1500, 2000, 2500],[0, 500, 1000, 1500, 2000, 2500]
30,trimed_rice,Change in Mean,0.8815092159251718,0.000996142000076361,[0, 500, 1000, 1500, 2000, 2500],[0, 34, 272, 323, 365, 500, 1000, 1058, 1500, 2000, 2500]
30,trimed_rice,change KNN,1.0,1.3752220139999736,[0, 500, 1000, 1500, 2000, 2500],[0, 500, 1000, 1500, 2000, 2500]
30,trimed_rice,KCP-rbf,0.0,2.4144646439999633,[0, 500, 1000, 1500, 2000, 2500],[0, 2500]
30,trimed_rice,KCP-linear,0.9142624634110929,1.010592299999871,[0, 500, 1000, 1500, 2000, 2500],[0, 160, 170, 272, 274, 500, 1000, 1500, 2000, 2500]
30,trimed_rice,MultiRank,1.0,16.262043998999843,[0, 500, 1000, 1500, 2000, 2500],[   0  500 1000 1500 2000 2500]
30,trimed_rice,Change Forest,1.0,2.7295318930000576,[0, 500, 1000, 1500, 2000, 2500],[0, 500, 1000, 1500, 2000, 2500]
31,trimed_rice,Change in Mean,0.8414214032306537,0.0007539640000686632,[0, 500, 1000, 1500, 2000, 2500],[0, 500, 780, 816, 1000, 1500, 1797, 1824, 1875, 1901, 1940, 2000, 2500]
31,trimed_rice,change KNN,1.0,0.8399040299998433,[0, 500, 1000, 1500, 2000, 2500],[0, 500, 1000, 1500, 2000, 2500]
31,trimed_rice,KCP-rbf,0.0,1.7384578250000686,[0, 500, 1000, 1500, 2000, 2500],[0, 2500]
31,trimed_rice,KCP-linear,0.8907379194656285,1.004943909000076,[0, 500, 1000, 1500, 2000, 2500],[0, 500, 1000, 1500, 1534, 1536, 1562, 1566, 1579, 1581, 1616, 1621, 1797, 1799, 1818, 1821, 1894, 1896, 1940, 1942, 2000, 2500]
31,trimed_rice,MultiRank,1.0,15.062751935000051,[0, 500, 1000, 1500, 2000, 2500],[   0  500 1000 1500 2000 2500]
31,trimed_rice,Change Forest,1.0,4.251843518999976,[0, 500, 1000, 1500, 2000, 2500],[0, 500, 1000, 1500, 2000, 2500]
32,trimed_rice,Change in Mean,0.8997184920462802,0.000606658999913634,[0, 500, 1000, 1500, 2000, 2500],[0, 500, 1000, 1500, 1690, 1718, 1750, 1859, 1903, 2000, 2500]
32,trimed_rice,change KNN,1.0,0.846826867000118,[0, 500, 1000, 1500, 2000, 2500],[0, 500, 1000, 1500, 2000, 2500]
32,trimed_rice,KCP-rbf,0.0,1.7366397020000477,[0, 500, 1000, 1500, 2000, 2500],[0, 2500]
32,trimed_rice,KCP-linear,1.0,1.011927266000157,[0, 500, 1000, 1500, 2000, 2500],[0, 500, 1000, 1500, 2000, 2500]
32,trimed_rice,MultiRank,1.0,15.863486297000009,[0, 500, 1000, 1500, 2000, 2500],[   0  500 1000 1500 2000 2500]
32,trimed_rice,Change Forest,1.0,2.8459578649999457,[0, 500, 1000, 1500, 2000, 2500],[0, 500, 1000, 1500, 2000, 2500]
33,trimed_rice,Change in Mean,0.809481367561515,0.0006773590000648255,[0, 500, 1000, 1500, 2000, 2500],[0, 500, 922, 1000, 1355, 1500, 1730, 1793, 1818, 1950, 2000, 2500]
33,trimed_rice,change KNN,1.0,0.8498314029998255,[0, 500, 1000, 1500, 2000, 2500],[0, 500, 1000, 1500, 2000, 2500]
33,trimed_rice,KCP-rbf,0.0,2.567670944000156,[0, 500, 1000, 1500, 2000, 2500],[0, 2500]
33,trimed_rice,KCP-linear,0.939405495553054,1.6147852359999888,[0, 500, 1000, 1500, 2000, 2500],[0, 500, 1000, 1500, 1681, 1683, 2000, 2500]
33,trimed_rice,MultiRank,0.9980008048108889,15.478786033000006,[0, 500, 1000, 1500, 2000, 2500],[   0  500 1000 1502 2000 2500]
33,trimed_rice,Change Forest,1.0,2.822097440000107,[0, 500, 1000, 1500, 2000, 2500],[0, 500, 1000, 1500, 2000, 2500]
34,trimed_rice,Change in Mean,0.9171273964996642,0.0005844489999162761,[0, 500, 1000, 1500, 2000, 2500],[0, 500, 1000, 1499, 1524, 1551, 1834, 1875, 1902, 2000, 2500]
34,trimed_rice,change KNN,0.9989993989987583,0.8353371289999814,[0, 500, 1000, 1500, 2000, 2500],[0, 500, 1000, 1499, 2000, 2500]
34,trimed_rice,KCP-rbf,0.0,1.7081028769998738,[0, 500, 1000, 1500, 2000, 2500],[0, 2500]
34,trimed_rice,KCP-linear,0.8916880195245114,1.020466406999958,[0, 500, 1000, 1500, 2000, 2500],[0, 500, 1000, 1499, 1531, 1537, 1676, 1680, 1717, 1737, 1834, 1860, 1873, 1875, 2000, 2500]
34,trimed_rice,MultiRank,0.7814663625185924,15.029433254999958,[0, 500, 1000, 1500, 2000, 2500],[   0 1000 1499 2000 2500]
34,trimed_rice,Change Forest,0.9989993989987583,4.090595454000095,[0, 500, 1000, 1500, 2000, 2500],[0, 500, 1000, 1499, 2000, 2500]
35,trimed_rice,Change in Mean,0.9178111788410847,0.0009481150000283378,[0, 500, 1000, 1500, 2000, 2500],[0, 280, 306, 402, 435, 500, 1000, 1500, 2000, 2500]
35,trimed_rice,change KNN,1.0,1.2875175230001332,[0, 500, 1000, 1500, 2000, 2500],[0, 500, 1000, 1500, 2000, 2500]
35,trimed_rice,KCP-rbf,0.0,1.7382572320000236,[0, 500, 1000, 1500, 2000, 2500],[0, 2500]
35,trimed_rice,KCP-linear,0.8982434621036642,1.0165094930000578,[0, 500, 1000, 1500, 2000, 2500],[0, 76, 78, 105, 107, 160, 164, 276, 278, 308, 311, 500, 1000, 1500, 2000, 2500]
35,trimed_rice,MultiRank,0.9989993989987583,15.442379677999952,[0, 500, 1000, 1500, 2000, 2500],[   0  499 1000 1500 2000 2500]
35,trimed_rice,Change Forest,1.0,2.788406272999964,[0, 500, 1000, 1500, 2000, 2500],[0, 500, 1000, 1500, 2000, 2500]
36,trimed_rice,Change in Mean,0.983537724155271,0.0008912529999633989,[0, 500, 1000, 1500, 2000, 2500],[0, 500, 1000, 1500, 1965, 2000, 2500]
36,trimed_rice,change KNN,1.0,0.8474799260000054,[0, 500, 1000, 1500, 2000, 2500],[0, 500, 1000, 1500, 2000, 2500]
36,trimed_rice,KCP-rbf,0.0,1.7308245829999578,[0, 500, 1000, 1500, 2000, 2500],[0, 2500]
36,trimed_rice,KCP-linear,1.0,1.2526314110000385,[0, 500, 1000, 1500, 2000, 2500],[0, 500, 1000, 1500, 2000, 2500]
36,trimed_rice,MultiRank,1.0,15.909911770000008,[0, 500, 1000, 1500, 2000, 2500],[   0  500 1000 1500 2000 2500]
36,trimed_rice,Change Forest,1.0,3.448253915000123,[0, 500, 1000, 1500, 2000, 2500],[0, 500, 1000, 1500, 2000, 2500]
37,trimed_rice,Change in Mean,0.9213982613660454,0.0006386600000496401,[0, 500, 1000, 1500, 2000, 2500],[0, 500, 1000, 1500, 2000, 2035, 2070, 2177, 2469, 2500]
37,trimed_rice,change KNN,1.0,0.8365056720001576,[0, 500, 1000, 1500, 2000, 2500],[0, 500, 1000, 1500, 2000, 2500]
37,trimed_rice,KCP-rbf,0.0,1.7238516840000102,[0, 500, 1000, 1500, 2000, 2500],[0, 2500]
37,trimed_rice,KCP-linear,0.9863971631395446,1.0242362369999682,[0, 500, 1000, 1500, 2000, 2500],[0, 500, 1000, 1500, 2000, 2012, 2484, 2493, 2500]
37,trimed_rice,MultiRank,1.0,15.154596691000052,[0, 500, 1000, 1500, 2000, 2500],[   0  500 1000 1500 2000 2500]
37,trimed_rice,Change Forest,1.0,2.8205354070000794,[0, 500, 1000, 1500, 2000, 2500],[0, 500, 1000, 1500, 2000, 2500]
38,trimed_rice,Change in Mean,0.8872464631204393,0.0006330930000331136,[0, 500, 1000, 1500, 2000, 2500],[0, 500, 999, 1026, 1066, 1113, 1147, 1299, 1332, 1394, 1426, 1500, 2000, 2500]
38,trimed_rice,change KNN,1.0,0.887729815000057,[0, 500, 1000, 1500, 2000, 2500],[0, 500, 1000, 1500, 2000, 2500]
38,trimed_rice,KCP-rbf,0.0,2.707075742999905,[0, 500, 1000, 1500, 2000, 2500],[0, 2500]
38,trimed_rice,KCP-linear,0.9232212095631145,1.3337959689999934,[0, 500, 1000, 1500, 2000, 2500],[0, 500, 999, 1299, 1311, 1330, 1332, 1394, 1500, 2000, 2500]
38,trimed_rice,MultiRank,0.7823360334465639,14.995966697000085,[0, 500, 1000, 1500, 2000, 2500],[   0  500 1500 2000 2500]
38,trimed_rice,Change Forest,0.9347623138913461,3.0356459600000107,[0, 500, 1000, 1500, 2000, 2500],[0, 500, 1000, 1501, 2000, 2278, 2500]
39,trimed_rice,Change in Mean,0.8011017479498417,0.0006907899999077927,[0, 500, 1000, 1500, 2000, 2500],[0, 500, 672, 709, 736, 822, 859, 890, 960, 1000, 1437, 1500, 2000, 2133, 2500]
39,trimed_rice,change KNN,0.9989993989987583,0.824288943000056,[0, 500, 1000, 1500, 2000, 2500],[0, 500, 1000, 1501, 2000, 2500]
39,trimed_rice,KCP-rbf,0.0,1.737409695999986,[0, 500, 1000, 1500, 2000, 2500],[0, 2500]
39,trimed_rice,KCP-linear,0.897397222800191,1.0055977170000006,[0, 500, 1000, 1500, 2000, 2500],[0, 500, 543, 545, 580, 582, 782, 785, 859, 861, 867, 876, 878, 960, 1000, 1500, 2000, 2500]
39,trimed_rice,MultiRank,1.0,15.930295921000152,[0, 500, 1000, 1500, 2000, 2500],[   0  500 1000 1500 2000 2500]
39,trimed_rice,Change Forest,0.9413419792875861,4.835605189000034,[0, 500, 1000, 1500, 2000, 2500],[0, 500, 1000, 1500, 1673, 2000, 2500]
40,trimed_rice,Change in Mean,0.951865586249033,0.0008262840001407312,[0, 500, 1000, 1500, 2000, 2500],[0, 500, 1000, 1500, 1890, 1917, 1946, 2000, 2500]
40,trimed_rice,change KNN,1.0,0.8510309400001006,[0, 500, 1000, 1500, 2000, 2500],[0, 500, 1000, 1500, 2000, 2500]
40,trimed_rice,KCP-rbf,0.0,1.7381140170000435,[0, 500, 1000, 1500, 2000, 2500],[0, 2500]
40,trimed_rice,KCP-linear,0.929402800468153,1.0324414630001684,[0, 500, 1000, 1500, 2000, 2500],[0, 500, 1000, 1500, 1782, 1786, 1796, 1799, 1811, 1813, 2000, 2500]
40,trimed_rice,MultiRank,0.9989993989987583,15.169221286000038,[0, 500, 1000, 1500, 2000, 2500],[   0  500 1000 1501 2000 2500]
40,trimed_rice,Change Forest,1.0,2.822172883999883,[0, 500, 1000, 1500, 2000, 2500],[0, 500, 1000, 1500, 2000, 2500]
41,trimed_rice,Change in Mean,0.8908687087391003,0.0005957190001026902,[0, 500, 1000, 1500, 2000, 2500],[0, 500, 539, 1000, 1233, 1275, 1394, 1500, 2000, 2500]
41,trimed_rice,change KNN,1.0,0.8296685190000517,[0, 500, 1000, 1500, 2000, 2500],[0, 500, 1000, 1500, 2000, 2500]
41,trimed_rice,KCP-rbf,0.0,1.738462686000048,[0, 500, 1000, 1500, 2000, 2500],[0, 2500]
41,trimed_rice,KCP-linear,0.9431648704651492,1.6749313269999675,[0, 500, 1000, 1500, 2000, 2500],[0, 500, 1000, 1340, 1343, 1500, 2000, 2500]
41,trimed_rice,MultiRank,1.0,15.510727320999877,[0, 500, 1000, 1500, 2000, 2500],[   0  500 1000 1500 2000 2500]
41,trimed_rice,Change Forest,1.0,3.129853787000002,[0, 500, 1000, 1500, 2000, 2500],[0, 500, 1000, 1500, 2000, 2500]
42,trimed_rice,Change in Mean,0.8689241323465093,0.0006363699999383243,[0, 500, 1000, 1500, 2000, 2500],[0, 500, 1000, 1120, 1500, 1784, 1822, 1847, 1969, 2000, 2500]
42,trimed_rice,change KNN,1.0,0.8468670830000065,[0, 500, 1000, 1500, 2000, 2500],[0, 500, 1000, 1500, 2000, 2500]
42,trimed_rice,KCP-rbf,0.0,1.7433133130000442,[0, 500, 1000, 1500, 2000, 2500],[0, 2500]
42,trimed_rice,KCP-linear,0.9990018050912242,1.0165493160000096,[0, 500, 1000, 1500, 2000, 2500],[0, 500, 1000, 1500, 1502, 2000, 2500]
42,trimed_rice,MultiRank,0.9989993989987583,15.873620927000047,[0, 500, 1000, 1500, 2000, 2500],[   0  500 1000 1501 2000 2500]
42,trimed_rice,Change Forest,1.0,2.8571292330000233,[0, 500, 1000, 1500, 2000, 2500],[0, 500, 1000, 1500, 2000, 2500]
43,trimed_rice,Change in Mean,0.9609080335445831,0.0008753930001148547,[0, 500, 1000, 1500, 2000, 2500],[0, 500, 1000, 1500, 1971, 2000, 2055, 2500]
43,trimed_rice,change KNN,1.0,1.362663571999974,[0, 500, 1000, 1500, 2000, 2500],[0, 500, 1000, 1500, 2000, 2500]
43,trimed_rice,KCP-rbf,0.0,2.59562454800016,[0, 500, 1000, 1500, 2000, 2500],[0, 2500]
43,trimed_rice,KCP-linear,0.9302512962054551,1.0559736899999734,[0, 500, 1000, 1500, 2000, 2500],[0, 500, 1000, 1012, 1015, 1255, 1258, 1500, 2000, 2500]
43,trimed_rice,MultiRank,0.7823360334465639,15.215411740999798,[0, 500, 1000, 1500, 2000, 2500],[   0  500 1000 2000 2500]
43,trimed_rice,Change Forest,0.9751194138389646,2.9996420380000473,[0, 500, 1000, 1500, 2000, 2500],[0, 500, 1000, 1500, 2000, 2055, 2500]
44,trimed_rice,Change in Mean,0.8472300808140181,0.0006347009998535214,[0, 500, 1000, 1500, 2000, 2500],[0, 500, 530, 571, 1000, 1500, 1920, 2000, 2162, 2431, 2456, 2500]
44,trimed_rice,change KNN,1.0,0.8333851439999762,[0, 500, 1000, 1500, 2000, 2500],[0, 500, 1000, 1500, 2000, 2500]
44,trimed_rice,KCP-rbf,0.0,1.6989987980000478,[0, 500, 1000, 1500, 2000, 2500],[0, 2500]
44,trimed_rice,KCP-linear,1.0,1.0099158689999967,[0, 500, 1000, 1500, 2000, 2500],[0, 500, 1000, 1500, 2000, 2500]
44,trimed_rice,MultiRank,1.0,15.367123118000109,[0, 500, 1000, 1500, 2000, 2500],[   0  500 1000 1500 2000 2500]
44,trimed_rice,Change Forest,0.9735579460384348,4.969254909000028,[0, 500, 1000, 1500, 2000, 2500],[0, 500, 1000, 1500, 1972, 2000, 2473, 2500]
45,trimed_rice,Change in Mean,0.8603882592855449,0.00064251100002366,[0, 500, 1000, 1500, 2000, 2500],[0, 500, 602, 1000, 1500, 1614, 1943, 2000, 2443, 2500]
45,trimed_rice,change KNN,1.0,0.8283765759999824,[0, 500, 1000, 1500, 2000, 2500],[0, 500, 1000, 1500, 2000, 2500]
45,trimed_rice,KCP-rbf,0.0,1.7348407549998228,[0, 500, 1000, 1500, 2000, 2500],[0, 2500]
45,trimed_rice,KCP-linear,1.0,1.0115873669999473,[0, 500, 1000, 1500, 2000, 2500],[0, 500, 1000, 1500, 2000, 2500]
45,trimed_rice,MultiRank,0.7823360334465639,15.268317098999887,[0, 500, 1000, 1500, 2000, 2500],[   0  500 1000 2000 2500]
45,trimed_rice,Change Forest,1.0,2.8264098730001024,[0, 500, 1000, 1500, 2000, 2500],[0, 500, 1000, 1500, 2000, 2500]
46,trimed_rice,Change in Mean,0.9880203790556836,0.0005286000000523927,[0, 500, 1000, 1500, 2000, 2500],[0, 500, 1000, 1025, 1500, 2000, 2500]
46,trimed_rice,change KNN,1.0,0.8439980949999608,[0, 500, 1000, 1500, 2000, 2500],[0, 500, 1000, 1500, 2000, 2500]
46,trimed_rice,KCP-rbf,0.0,1.9599380570000449,[0, 500, 1000, 1500, 2000, 2500],[0, 2500]
46,trimed_rice,KCP-linear,0.99801044454336,1.6746283679999578,[0, 500, 1000, 1500, 2000, 2500],[0, 500, 1000, 1500, 1504, 2000, 2500]
46,trimed_rice,MultiRank,0.9960096512353571,15.483486680999931,[0, 500, 1000, 1500, 2000, 2500],[   0  500 1000 1504 2000 2500]
46,trimed_rice,Change Forest,1.0,2.812103542999921,[0, 500, 1000, 1500, 2000, 2500],[0, 500, 1000, 1500, 2000, 2500]
47,trimed_rice,Change in Mean,0.8906560241903398,0.0005737609999414417,[0, 500, 1000, 1500, 2000, 2500],[0, 500, 1000, 1500, 2000, 2028, 2076, 2110, 2177, 2252, 2374, 2500]
47,trimed_rice,change KNN,1.0,0.8312318360001427,[0, 500, 1000, 1500, 2000, 2500],[0, 500, 1000, 1500, 2000, 2500]
47,trimed_rice,KCP-rbf,0.0,1.7306523439999637,[0, 500, 1000, 1500, 2000, 2500],[0, 2500]
47,trimed_rice,KCP-linear,0.8986583872477243,1.0414182510000956,[0, 500, 1000, 1500, 2000, 2500],[0, 500, 1000, 1500, 2000, 2024, 2028, 2188, 2191, 2314, 2316, 2381, 2383, 2500]
47,trimed_rice,MultiRank,1.0,15.120504264000147,[0, 500, 1000, 1500, 2000, 2500],[   0  500 1000 1500 2000 2500]
47,trimed_rice,Change Forest,0.9989993989987583,2.8175837159999446,[0, 500, 1000, 1500, 2000, 2500],[0, 500, 999, 1500, 2000, 2500]
48,trimed_rice,Change in Mean,0.9137041460315065,0.0008898090000002412,[0, 500, 1000, 1500, 2000, 2500],[0, 500, 553, 1000, 1500, 2000, 2042, 2387, 2500]
48,trimed_rice,change KNN,1.0,1.3673864620000131,[0, 500, 1000, 1500, 2000, 2500],[0, 500, 1000, 1500, 2000, 2500]
48,trimed_rice,KCP-rbf,0.0,2.6267679000000044,[0, 500, 1000, 1500, 2000, 2500],[0, 2500]
48,trimed_rice,KCP-linear,0.9049238778974166,1.031973053999991,[0, 500, 1000, 1500, 2000, 2500],[0, 500, 1000, 1500, 2000, 2005, 2085, 2088, 2299, 2301, 2395, 2397, 2500]
48,trimed_rice,MultiRank,0.9950170989913268,15.082155367000041,[0, 500, 1000, 1500, 2000, 2500],[   0  500 1000 1500 2005 2500]
48,trimed_rice,Change Forest,1.0,2.840053487999967,[0, 500, 1000, 1500, 2000, 2500],[0, 500, 1000, 1500, 2000, 2500]
49,trimed_rice,Change in Mean,0.9588659617032987,0.0005748089999997319,[0, 500, 1000, 1500, 2000, 2500],[0, 500, 1000, 1049, 1500, 2000, 2039, 2500]
49,trimed_rice,change KNN,0.9891043518551149,0.8496182849999059,[0, 500, 1000, 1500, 2000, 2500],[0, 500, 1011, 1500, 2000, 2500]
49,trimed_rice,KCP-rbf,0.0,1.7430981439999869,[0, 500, 1000, 1500, 2000, 2500],[0, 2500]
49,trimed_rice,KCP-linear,0.9052864453068439,1.0335694640000384,[0, 500, 1000, 1500, 2000, 2500],[0, 500, 1000, 1205, 1207, 1227, 1233, 1282, 1286, 1349, 1351, 1500, 2000, 2500]
49,trimed_rice,MultiRank,0.9989993989987583,15.56629791599994,[0, 500, 1000, 1500, 2000, 2500],[   0  500 1000 1500 2001 2500]
49,trimed_rice,Change Forest,1.0,4.644884423000121,[0, 500, 1000, 1500, 2000, 2500],[0, 500, 1000, 1500, 2000, 2500]
50,trimed_rice,Change in Mean,0.873615893533012,0.0007007679998878302,[0, 500, 1000, 1500, 2000, 2500],[0, 30, 500, 613, 695, 722, 755, 972, 1000, 1500, 2000, 2027, 2500]
50,trimed_rice,change KNN,0.9989993989987583,0.8313444670000081,[0, 500, 1000, 1500, 2000, 2500],[0, 500, 1000, 1499, 2000, 2500]
50,trimed_rice,KCP-rbf,0.0,1.7713030450001952,[0, 500, 1000, 1500, 2000, 2500],[0, 2500]
50,trimed_rice,KCP-linear,0.9449571870650053,1.0146605269999327,[0, 500, 1000, 1500, 2000, 2500],[0, 500, 650, 652, 1000, 1500, 2000, 2500]
50,trimed_rice,MultiRank,0.9989993989987583,14.991222085000118,[0, 500, 1000, 1500, 2000, 2500],[   0  501 1000 1500 2000 2500]
50,trimed_rice,Change Forest,0.9989993989987583,2.8008520599998974,[0, 500, 1000, 1500, 2000, 2500],[0, 500, 1000, 1499, 2000, 2500]
51,trimed_rice,Change in Mean,0.784610457379536,0.0006466999998337997,[0, 500, 1000, 1500, 2000, 2500],[0, 192, 340, 500, 1000, 1032, 1079, 1122, 1211, 1246, 1282, 1313, 1341, 1371, 1500, 2000, 2500]
51,trimed_rice,change KNN,1.0,0.824057688000039,[0, 500, 1000, 1500, 2000, 2500],[0, 500, 1000, 1500, 2000, 2500]
51,trimed_rice,KCP-rbf,0.0,1.7317486189999727,[0, 500, 1000, 1500, 2000, 2500],[0, 2500]
51,trimed_rice,KCP-linear,0.9121158705649981,1.5961314920000405,[0, 500, 1000, 1500, 2000, 2500],[0, 500, 1000, 1079, 1083, 1104, 1109, 1282, 1284, 1500, 2000, 2500]
51,trimed_rice,MultiRank,1.0,15.991988466999828,[0, 500, 1000, 1500, 2000, 2500],[   0  500 1000 1500 2000 2500]
51,trimed_rice,Change Forest,1.0,2.939606172999902,[0, 500, 1000, 1500, 2000, 2500],[0, 500, 1000, 1500, 2000, 2500]
52,trimed_rice,Change in Mean,0.9402764841776912,0.0005360109998946427,[0, 500, 1000, 1500, 2000, 2500],[0, 500, 628, 657, 1000, 1500, 2000, 2500]
52,trimed_rice,change KNN,1.0,0.8294362300000557,[0, 500, 1000, 1500, 2000, 2500],[0, 500, 1000, 1500, 2000, 2500]
52,trimed_rice,KCP-rbf,0.0,1.7259018869999636,[0, 500, 1000, 1500, 2000, 2500],[0, 2500]
52,trimed_rice,KCP-linear,0.9287811316368264,1.016994349000015,[0, 500, 1000, 1500, 2000, 2500],[0, 500, 681, 684, 711, 717, 1000, 1500, 2000, 2500]
52,trimed_rice,MultiRank,0.7823360334465639,15.866213486999868,[0, 500, 1000, 1500, 2000, 2500],[   0  500 1000 1500 2500]
52,trimed_rice,Change Forest,1.0,3.170420418999811,[0, 500, 1000, 1500, 2000, 2500],[0, 500, 1000, 1500, 2000, 2500]
53,trimed_rice,Change in Mean,0.8742301866069406,0.0009940879999703611,[0, 500, 1000, 1500, 2000, 2500],[0, 500, 529, 573, 734, 764, 808, 896, 926, 960, 1000, 1500, 1528, 2000, 2500]
53,trimed_rice,change KNN,1.0,1.3893935139999485,[0, 500, 1000, 1500, 2000, 2500],[0, 500, 1000, 1500, 2000, 2500]
53,trimed_rice,KCP-rbf,0.0,2.374538910999945,[0, 500, 1000, 1500, 2000, 2500],[0, 2500]
53,trimed_rice,KCP-linear,0.9294441566743519,1.0069751669998368,[0, 500, 1000, 1500, 2000, 2500],[0, 500, 764, 789, 1000, 1500, 2000, 2500]
53,trimed_rice,MultiRank,1.0,15.122379221000074,[0, 500, 1000, 1500, 2000, 2500],[   0  500 1000 1500 2000 2500]
53,trimed_rice,Change Forest,1.0,2.850606613000082,[0, 500, 1000, 1500, 2000, 2500],[0, 500, 1000, 1500, 2000, 2500]
54,trimed_rice,Change in Mean,0.8161942383350782,0.0006409649997749511,[0, 500, 1000, 1500, 2000, 2500],[0, 50, 500, 1000, 1387, 1500, 1845, 1948, 2000, 2406, 2440, 2500]
54,trimed_rice,change KNN,1.0,0.8432942659999298,[0, 500, 1000, 1500, 2000, 2500],[0, 500, 1000, 1500, 2000, 2500]
54,trimed_rice,KCP-rbf,0.0,1.739310209999985,[0, 500, 1000, 1500, 2000, 2500],[0, 2500]
54,trimed_rice,KCP-linear,0.9989993989987583,1.033729398999867,[0, 500, 1000, 1500, 2000, 2500],[0, 499, 1000, 1500, 2000, 2500]
54,trimed_rice,MultiRank,0.7823360334465639,15.846652202000087,[0, 500, 1000, 1500, 2000, 2500],[   0  500 1500 2000 2500]
54,trimed_rice,Change Forest,1.0,4.414549785999952,[0, 500, 1000, 1500, 2000, 2500],[0, 500, 1000, 1500, 2000, 2500]
55,trimed_rice,Change in Mean,0.9380833546021988,0.0005154479999873729,[0, 500, 1000, 1500, 2000, 2500],[0, 500, 1000, 1500, 1842, 1895, 2000, 2500]
55,trimed_rice,change KNN,1.0,0.8218813089999912,[0, 500, 1000, 1500, 2000, 2500],[0, 500, 1000, 1500, 2000, 2500]
55,trimed_rice,KCP-rbf,0.0,1.7446175030001996,[0, 500, 1000, 1500, 2000, 2500],[0, 2500]
55,trimed_rice,KCP-linear,0.9226287097745958,1.0155309100000522,[0, 500, 1000, 1500, 2000, 2500],[0, 500, 1000, 1500, 1524, 1527, 1545, 1547, 1743, 1749, 2000, 2500]
55,trimed_rice,MultiRank,0.7823360334465639,15.42130586999997,[0, 500, 1000, 1500, 2000, 2500],[   0  500 1000 1500 2500]
55,trimed_rice,Change Forest,1.0,2.8553214910000406,[0, 500, 1000, 1500, 2000, 2500],[0, 500, 1000, 1500, 2000, 2500]
56,trimed_rice,Change in Mean,0.9757818946328504,0.000681360999806202,[0, 500, 1000, 1500, 2000, 2500],[0, 500, 948, 999, 1500, 2000, 2500]
56,trimed_rice,change KNN,0.9989993989987583,0.8385714440000811,[0, 500, 1000, 1500, 2000, 2500],[0, 500, 999, 1500, 2000, 2500]
56,trimed_rice,KCP-rbf,0.0,2.0843951980000384,[0, 500, 1000, 1500, 2000, 2500],[0, 2500]
56,trimed_rice,KCP-linear,0.973033649167855,1.653188768000291,[0, 500, 1000, 1500, 2000, 2500],[0, 52, 57, 500, 999, 1500, 2000, 2500]
56,trimed_rice,MultiRank,0.7823360334465639,15.170397893999962,[0, 500, 1000, 1500, 2000, 2500],[   0  500 1500 2000 2500]
56,trimed_rice,Change Forest,0.9989993989987583,2.8236037400001806,[0, 500, 1000, 1500, 2000, 2500],[0, 500, 999, 1500, 2000, 2500]
57,trimed_rice,Change in Mean,0.9470156096222213,0.0005727330003537645,[0, 500, 1000, 1500, 2000, 2500],[0, 500, 1000, 1025, 1066, 1445, 1471, 1500, 2000, 2500]
57,trimed_rice,change KNN,1.0,0.8404878870001085,[0, 500, 1000, 1500, 2000, 2500],[0, 500, 1000, 1500, 2000, 2500]
57,trimed_rice,KCP-rbf,0.0,1.7231456249996882,[0, 500, 1000, 1500, 2000, 2500],[0, 2500]
57,trimed_rice,KCP-linear,0.9257535335678835,1.0172851709999122,[0, 500, 1000, 1500, 2000, 2500],[0, 500, 1000, 1002, 1015, 1063, 1066, 1362, 1366, 1500, 2000, 2500]
57,trimed_rice,MultiRank,0.7823360334465639,15.062617700999908,[0, 500, 1000, 1500, 2000, 2500],[   0 1000 1500 2000 2500]
57,trimed_rice,Change Forest,1.0,3.028385999999955,[0, 500, 1000, 1500, 2000, 2500],[0, 500, 1000, 1500, 2000, 2500]
58,trimed_rice,Change in Mean,0.9866567224533705,0.0008665390000714979,[0, 500, 1000, 1500, 2000, 2500],[0, 500, 1000, 1500, 2000, 2028, 2500]
58,trimed_rice,change KNN,1.0,1.3418403470000158,[0, 500, 1000, 1500, 2000, 2500],[0, 500, 1000, 1500, 2000, 2500]
58,trimed_rice,KCP-rbf,0.0,2.543623552000099,[0, 500, 1000, 1500, 2000, 2500],[0, 2500]
58,trimed_rice,KCP-linear,0.9017259315696198,1.0144838340002025,[0, 500, 1000, 1500, 2000, 2500],[0, 500, 1000, 1500, 2000, 2014, 2021, 2151, 2165, 2262, 2265, 2303, 2307, 2498, 2500]
58,trimed_rice,MultiRank,0.7823360334465639,15.734858433999761,[0, 500, 1000, 1500, 2000, 2500],[   0  500 1000 2000 2500]
58,trimed_rice,Change Forest,1.0,2.8372376590000385,[0, 500, 1000, 1500, 2000, 2500],[0, 500, 1000, 1500, 2000, 2500]
59,trimed_rice,Change in Mean,0.8516675075174364,0.0006572980000782991,[0, 500, 1000, 1500, 2000, 2500],[0, 428, 454, 500, 1000, 1135, 1171, 1214, 1246, 1354, 1420, 1445, 1500, 2000, 2500]
59,trimed_rice,change KNN,1.0,0.8588473030004025,[0, 500, 1000, 1500, 2000, 2500],[0, 500, 1000, 1500, 2000, 2500]
59,trimed_rice,KCP-rbf,0.0,1.7224765480000315,[0, 500, 1000, 1500, 2000, 2500],[0, 2500]
59,trimed_rice,KCP-linear,1.0,1.0162388130002,[0, 500, 1000, 1500, 2000, 2500],[0, 500, 1000, 1500, 2000, 2500]
59,trimed_rice,MultiRank,1.0,15.548887619000197,[0, 500, 1000, 1500, 2000, 2500],[   0  500 1000 1500 2000 2500]
59,trimed_rice,Change Forest,1.0,4.276728890999948,[0, 500, 1000, 1500, 2000, 2500],[0, 500, 1000, 1500, 2000, 2500]
60,trimed_rice,Change in Mean,0.8455404072413284,0.000687288000335684,[0, 500, 1000, 1500, 2000, 2500],[0, 500, 534, 627, 652, 782, 830, 877, 904, 931, 1000, 1500, 2000, 2047, 2080, 2500]
60,trimed_rice,change KNN,1.0,0.837936651000291,[0, 500, 1000, 1500, 2000, 2500],[0, 500, 1000, 1500, 2000, 2500]
60,trimed_rice,KCP-rbf,0.0,1.729261476999909,[0, 500, 1000, 1500, 2000, 2500],[0, 2500]
60,trimed_rice,KCP-linear,0.8893993492089691,1.0095790240002316,[0, 500, 1000, 1500, 2000, 2500],[0, 500, 532, 534, 645, 649, 684, 689, 795, 802, 889, 904, 1000, 1500, 2000, 2500]
60,trimed_rice,MultiRank,0.7823360334465639,15.351646745999915,[0, 500, 1000, 1500, 2000, 2500],[   0  500 1000 2000 2500]
60,trimed_rice,Change Forest,1.0,2.8473677169999974,[0, 500, 1000, 1500, 2000, 2500],[0, 500, 1000, 1500, 2000, 2500]
61,trimed_rice,Change in Mean,0.9461322022094847,0.0006213430001480447,[0, 500, 1000, 1500, 2000, 2500],[0, 500, 1000, 1500, 1648, 2000, 2500]
61,trimed_rice,change KNN,1.0,0.8573569609998231,[0, 500, 1000, 1500, 2000, 2500],[0, 500, 1000, 1500, 2000, 2500]
61,trimed_rice,KCP-rbf,0.0,2.1230622090001816,[0, 500, 1000, 1500, 2000, 2500],[0, 2500]
61,trimed_rice,KCP-linear,0.9752256787836537,1.669873775999804,[0, 500, 1000, 1500, 2000, 2500],[0, 48, 54, 500, 1000, 1500, 2000, 2500]
61,trimed_rice,MultiRank,0.781088274831892,15.281155089000094,[0, 500, 1000, 1500, 2000, 2500],[   0  499 1500 2000 2500]
61,trimed_rice,Change Forest,1.0,2.8462502449997373,[0, 500, 1000, 1500, 2000, 2500],[0, 500, 1000, 1500, 2000, 2500]
62,trimed_rice,Change in Mean,0.924705876885195,0.00057090700011031,[0, 500, 1000, 1500, 2000, 2500],[0, 500, 565, 843, 1000, 1500, 2000, 2500]
62,trimed_rice,change KNN,1.0,0.8327462489996833,[0, 500, 1000, 1500, 2000, 2500],[0, 500, 1000, 1500, 2000, 2500]
62,trimed_rice,KCP-rbf,0.0,1.7422435000003134,[0, 500, 1000, 1500, 2000, 2500],[0, 2500]
62,trimed_rice,KCP-linear,0.9349886631612613,1.0117943029999878,[0, 500, 1000, 1500, 2000, 2500],[0, 500, 726, 728, 1000, 1500, 2000, 2500]
62,trimed_rice,MultiRank,1.0,15.438143238000066,[0, 500, 1000, 1500, 2000, 2500],[   0  500 1000 1500 2000 2500]
62,trimed_rice,Change Forest,0.9602257862680664,3.750573551999878,[0, 500, 1000, 1500, 2000, 2500],[0, 96, 500, 1000, 1500, 2000, 2500]
63,trimed_rice,Change in Mean,0.8087571046639357,0.0010467510001035407,[0, 500, 1000, 1500, 2000, 2500],[0, 500, 895, 1000, 1035, 1084, 1200, 1231, 1260, 1309, 1345, 1500, 1536, 1562, 2000, 2500]
63,trimed_rice,change KNN,1.0,1.3729160860002594,[0, 500, 1000, 1500, 2000, 2500],[0, 500, 1000, 1500, 2000, 2500]
63,trimed_rice,KCP-rbf,0.0,2.029187087000082,[0, 500, 1000, 1500, 2000, 2500],[0, 2500]
63,trimed_rice,KCP-linear,1.0,1.0249443030002112,[0, 500, 1000, 1500, 2000, 2500],[0, 500, 1000, 1500, 2000, 2500]
63,trimed_rice,MultiRank,0.7823360334465639,15.337577792000047,[0, 500, 1000, 1500, 2000, 2500],[   0 1000 1500 2000 2500]
63,trimed_rice,Change Forest,1.0,2.901820418999705,[0, 500, 1000, 1500, 2000, 2500],[0, 500, 1000, 1500, 2000, 2500]
64,trimed_rice,Change in Mean,0.8515558259730015,0.0006151769998723466,[0, 500, 1000, 1500, 2000, 2500],[0, 500, 1000, 1396, 1425, 1451, 1500, 1633, 1706, 1874, 2000, 2500]
64,trimed_rice,change KNN,1.0,0.8452222390001225,[0, 500, 1000, 1500, 2000, 2500],[0, 500, 1000, 1500, 2000, 2500]
64,trimed_rice,KCP-rbf,0.0,1.7368307060000916,[0, 500, 1000, 1500, 2000, 2500],[0, 2500]
64,trimed_rice,KCP-linear,0.9339932464208794,1.0232612229997358,[0, 500, 1000, 1500, 2000, 2500],[0, 500, 1000, 1238, 1242, 1500, 2000, 2500]
64,trimed_rice,MultiRank,0.7823360334465639,16.446117054000297,[0, 500, 1000, 1500, 2000, 2500],[   0  500 1000 2000 2500]
64,trimed_rice,Change Forest,0.9350416478102679,3.8077560699998685,[0, 500, 1000, 1500, 2000, 2500],[0, 500, 1000, 1500, 2000, 2241, 2500]
65,trimed_rice,Change in Mean,0.8179400670044212,0.0006322120002550946,[0, 500, 1000, 1500, 2000, 2500],[0, 500, 1000, 1190, 1500, 2000, 2074, 2114, 2268, 2300, 2340, 2366, 2407, 2453, 2500]
65,trimed_rice,change KNN,1.0,0.8300256039997294,[0, 500, 1000, 1500, 2000, 2500],[0, 500, 1000, 1500, 2000, 2500]
65,trimed_rice,KCP-rbf,0.0,1.7354759400000148,[0, 500, 1000, 1500, 2000, 2500],[0, 2500]
65,trimed_rice,KCP-linear,0.8934759151739331,1.006464348999998,[0, 500, 1000, 1500, 2000, 2500],[0, 500, 1000, 1500, 2000, 2090, 2098, 2272, 2275, 2290, 2296, 2366, 2394, 2453, 2500]
65,trimed_rice,MultiRank,1.0,15.1446659369999,[0, 500, 1000, 1500, 2000, 2500],[   0  500 1000 1500 2000 2500]
65,trimed_rice,Change Forest,1.0,2.8230294539998795,[0, 500, 1000, 1500, 2000, 2500],[0, 500, 1000, 1500, 2000, 2500]
66,trimed_rice,Change in Mean,0.7394270068133184,0.0006251310001061938,[0, 500, 1000, 1500, 2000, 2500],[0, 451, 500, 1000, 1122, 1500, 1659, 1776, 1853, 1912, 2000, 2302, 2500]
66,trimed_rice,change KNN,1.0,0.8686037600000418,[0, 500, 1000, 1500, 2000, 2500],[0, 500, 1000, 1500, 2000, 2500]
66,trimed_rice,KCP-rbf,0.0,2.6479010019997986,[0, 500, 1000, 1500, 2000, 2500],[0, 2500]
66,trimed_rice,KCP-linear,0.9856740454110618,1.3562095540000882,[0, 500, 1000, 1500, 2000, 2500],[0, 500, 1000, 1500, 1527, 1530, 2000, 2500]
66,trimed_rice,MultiRank,1.0,14.878742622999653,[0, 500, 1000, 1500, 2000, 2500],[   0  500 1000 1500 2000 2500]
66,trimed_rice,Change Forest,1.0,2.8048829969998224,[0, 500, 1000, 1500, 2000, 2500],[0, 500, 1000, 1500, 2000, 2500]
67,trimed_rice,Change in Mean,0.927324837405058,0.0006206189996191824,[0, 500, 1000, 1500, 2000, 2500],[0, 500, 1000, 1500, 1604, 1660, 1690, 2000, 2500]
67,trimed_rice,change KNN,1.0,0.8464777189997221,[0, 500, 1000, 1500, 2000, 2500],[0, 500, 1000, 1500, 2000, 2500]
67,trimed_rice,KCP-rbf,0.0,1.7490022930001032,[0, 500, 1000, 1500, 2000, 2500],[0, 2500]
67,trimed_rice,KCP-linear,0.8952384676540415,1.0217909150001105,[0, 500, 1000, 1500, 2000, 2500],[0, 500, 1000, 1500, 1658, 1660, 1722, 1726, 1781, 1783, 1823, 1826, 1962, 1965, 2000, 2500]
67,trimed_rice,MultiRank,0.7823360334465639,15.158001830999638,[0, 500, 1000, 1500, 2000, 2500],[   0  500 1500 2000 2500]
67,trimed_rice,Change Forest,1.0,3.8017141759996775,[0, 500, 1000, 1500, 2000, 2500],[0, 500, 1000, 1500, 2000, 2500]
68,trimed_rice,Change in Mean,0.9006704866959772,0.001510021000285633,[0, 500, 1000, 1500, 2000, 2500],[0, 144, 202, 361, 387, 500, 1000, 1500, 2000, 2500]
68,trimed_rice,change KNN,1.0,1.3968499779998638,[0, 500, 1000, 1500, 2000, 2500],[0, 500, 1000, 1500, 2000, 2500]
68,trimed_rice,KCP-rbf,0.0,1.8718126140001914,[0, 500, 1000, 1500, 2000, 2500],[0, 2500]
68,trimed_rice,KCP-linear,0.9076506551831263,1.0146576150000328,[0, 500, 1000, 1500, 2000, 2500],[0, 79, 83, 144, 152, 381, 387, 500, 1000, 1500, 2000, 2500]
68,trimed_rice,MultiRank,1.0,15.37009290800006,[0, 500, 1000, 1500, 2000, 2500],[   0  500 1000 1500 2000 2500]
68,trimed_rice,Change Forest,1.0,2.804236942999978,[0, 500, 1000, 1500, 2000, 2500],[0, 500, 1000, 1500, 2000, 2500]
69,trimed_rice,Change in Mean,0.9519535912801641,0.0005303829998410947,[0, 500, 1000, 1500, 2000, 2500],[0, 500, 624, 1000, 1500, 2000, 2500]
69,trimed_rice,change KNN,1.0,0.8388196820001212,[0, 500, 1000, 1500, 2000, 2500],[0, 500, 1000, 1500, 2000, 2500]
69,trimed_rice,KCP-rbf,0.0,1.756510335999792,[0, 500, 1000, 1500, 2000, 2500],[0, 2500]
69,trimed_rice,KCP-linear,0.9322051155152814,1.0554083249999167,[0, 500, 1000, 1500, 2000, 2500],[0, 500, 1000, 1500, 2000, 2320, 2323, 2366, 2371, 2496, 2500]
69,trimed_rice,MultiRank,1.0,15.43517571700022,[0, 500, 1000, 1500, 2000, 2500],[   0  500 1000 1500 2000 2500]
69,trimed_rice,Change Forest,1.0,4.092252729999927,[0, 500, 1000, 1500, 2000, 2500],[0, 500, 1000, 1500, 2000, 2500]
70,trimed_rice,Change in Mean,0.946794842915078,0.0005591210001512081,[0, 500, 1000, 1500, 2000, 2500],[0, 500, 1000, 1500, 2000, 2145, 2500]
70,trimed_rice,change KNN,1.0,0.8589739760000157,[0, 500, 1000, 1500, 2000, 2500],[0, 500, 1000, 1500, 2000, 2500]
70,trimed_rice,KCP-rbf,0.0,1.744331749000139,[0, 500, 1000, 1500, 2000, 2500],[0, 2500]
70,trimed_rice,KCP-linear,0.8987756133798536,1.020703383000182,[0, 500, 1000, 1500, 2000, 2500],[0, 500, 1000, 1500, 1665, 1671, 1727, 1729, 1876, 1878, 1927, 1929, 2000, 2500]
70,trimed_rice,MultiRank,0.9989993989987583,15.186115720000089,[0, 500, 1000, 1500, 2000, 2500],[   0  500 1000 1499 2000 2500]
70,trimed_rice,Change Forest,1.0,2.809339051999814,[0, 500, 1000, 1500, 2000, 2500],[0, 500, 1000, 1500, 2000, 2500]
71,trimed_rice,Change in Mean,0.7757088774501141,0.0006086949997552438,[0, 500, 1000, 1500, 2000, 2500],[0, 500, 853, 1000, 1204, 1230, 1297, 1322, 1500, 1700, 2000, 2500]
71,trimed_rice,change KNN,1.0,0.8291185299999597,[0, 500, 1000, 1500, 2000, 2500],[0, 500, 1000, 1500, 2000, 2500]
71,trimed_rice,KCP-rbf,0.0,2.1235737280003377,[0, 500, 1000, 1500, 2000, 2500],[0, 2500]
71,trimed_rice,KCP-linear,0.9033285987162821,1.6880916370000705,[0, 500, 1000, 1500, 2000, 2500],[0, 500, 1000, 1204, 1213, 1302, 1312, 1372, 1381, 1500, 2000, 2500]
71,trimed_rice,MultiRank,0.7823360334465639,15.064179505000084,[0, 500, 1000, 1500, 2000, 2500],[   0  500 1500 2000 2500]
71,trimed_rice,Change Forest,1.0,2.8040868829998544,[0, 500, 1000, 1500, 2000, 2500],[0, 500, 1000, 1500, 2000, 2500]
72,trimed_rice,Change in Mean,0.979236412092963,0.0005510329997377994,[0, 500, 1000, 1500, 2000, 2500],[0, 500, 1000, 1455, 1500, 2000, 2500]
72,trimed_rice,change KNN,1.0,0.8489749899999879,[0, 500, 1000, 1500, 2000, 2500],[0, 500, 1000, 1500, 2000, 2500]
72,trimed_rice,KCP-rbf,0.0,1.7451316810002027,[0, 500, 1000, 1500, 2000, 2500],[0, 2500]
72,trimed_rice,KCP-linear,0.9223994358719123,1.0016150719998222,[0, 500, 1000, 1500, 2000, 2500],[0, 500, 1000, 1500, 2000, 2285, 2290, 2424, 2426, 2442, 2451, 2500]
72,trimed_rice,MultiRank,1.0,15.197618821000106,[0, 500, 1000, 1500, 2000, 2500],[   0  500 1000 1500 2000 2500]
72,trimed_rice,Change Forest,1.0,3.037507817000005,[0, 500, 1000, 1500, 2000, 2500],[0, 500, 1000, 1500, 2000, 2500]
73,trimed_rice,Change in Mean,0.8878864771024697,0.0010178380002798804,[0, 500, 1000, 1500, 2000, 2500],[0, 500, 537, 572, 716, 749, 805, 833, 929, 974, 1000, 1500, 2000, 2500]
73,trimed_rice,change KNN,1.0,1.3580795230000149,[0, 500, 1000, 1500, 2000, 2500],[0, 500, 1000, 1500, 2000, 2500]
73,trimed_rice,KCP-rbf,0.0,2.4882669100002204,[0, 500, 1000, 1500, 2000, 2500],[0, 2500]
73,trimed_rice,KCP-linear,0.8963377178173395,1.0106372609998289,[0, 500, 1000, 1500, 2000, 2500],[0, 500, 505, 517, 597, 599, 720, 723, 891, 897, 929, 932, 1000, 1500, 2000, 2500]
73,trimed_rice,MultiRank,1.0,15.032330684000044,[0, 500, 1000, 1500, 2000, 2500],[   0  500 1000 1500 2000 2500]
73,trimed_rice,Change Forest,1.0,2.816574710000168,[0, 500, 1000, 1500, 2000, 2500],[0, 500, 1000, 1500, 2000, 2500]
74,trimed_rice,Change in Mean,0.9161507892652925,0.0006564999998772691,[0, 500, 1000, 1500, 2000, 2500],[0, 500, 554, 841, 868, 898, 926, 972, 1000, 1500, 2000, 2500]
74,trimed_rice,change KNN,1.0,0.8499553729998297,[0, 500, 1000, 1500, 2000, 2500],[0, 500, 1000, 1500, 2000, 2500]
74,trimed_rice,KCP-rbf,0.0,1.7883417089997238,[0, 500, 1000, 1500, 2000, 2500],[0, 2500]
74,trimed_rice,KCP-linear,1.0,1.0317296060002263,[0, 500, 1000, 1500, 2000, 2500],[0, 500, 1000, 1500, 2000, 2500]
74,trimed_rice,MultiRank,0.7823360334465639,15.43929164300016,[0, 500, 1000, 1500, 2000, 2500],[   0  500 1000 2000 2500]
74,trimed_rice,Change Forest,1.0,4.631842463000339,[0, 500, 1000, 1500, 2000, 2500],[0, 500, 1000, 1500, 2000, 2500]
75,trimed_rice,Change in Mean,0.8806756235416056,0.0013212609997026448,[0, 500, 1000, 1500, 2000, 2500],[0, 500, 1000, 1025, 1054, 1081, 1129, 1180, 1244, 1342, 1394, 1420, 1448, 1500, 2000, 2500]
75,trimed_rice,change KNN,1.0,0.9100876960001187,[0, 500, 1000, 1500, 2000, 2500],[0, 500, 1000, 1500, 2000, 2500]
75,trimed_rice,KCP-rbf,0.0,1.8141219919998548,[0, 500, 1000, 1500, 2000, 2500],[0, 2500]
75,trimed_rice,KCP-linear,0.9833599628583627,1.037180805999924,[0, 500, 1000, 1500, 2000, 2500],[0, 500, 1000, 1029, 1035, 1500, 2000, 2500]
75,trimed_rice,MultiRank,0.9989993989987583,15.150410816000203,[0, 500, 1000, 1500, 2000, 2500],[   0  500 1000 1499 2000 2500]
75,trimed_rice,Change Forest,1.0,2.8122196930003156,[0, 500, 1000, 1500, 2000, 2500],[0, 500, 1000, 1500, 2000, 2500]
76,trimed_rice,Change in Mean,0.8917167417057751,0.0005582929998126929,[0, 500, 1000, 1500, 2000, 2500],[0, 500, 1000, 1167, 1207, 1258, 1310, 1339, 1431, 1500, 2001, 2500]
76,trimed_rice,change KNN,0.9790694633860763,0.8468105000001742,[0, 500, 1000, 1500, 2000, 2500],[0, 500, 1000, 1457, 1500, 2001, 2500]
76,trimed_rice,KCP-rbf,0.0,1.7401568649997898,[0, 500, 1000, 1500, 2000, 2500],[0, 2500]
76,trimed_rice,KCP-linear,0.9123744941151517,1.5999171389998992,[0, 500, 1000, 1500, 2000, 2500],[0, 500, 1000, 1165, 1167, 1207, 1210, 1255, 1257, 1491, 1493, 1500, 2001, 2500]
76,trimed_rice,MultiRank,0.7823360334465639,15.517393757000264,[0, 500, 1000, 1500, 2000, 2500],[   0  500 1000 1500 2500]
76,trimed_rice,Change Forest,0.9761403750012126,3.497894157999781,[0, 500, 1000, 1500, 2000, 2500],[0, 500, 1000, 1050, 1500, 2001, 2500]
77,trimed_rice,Change in Mean,0.9734793833855453,0.0005508080002982751,[0, 500, 1000, 1500, 2000, 2500],[0, 500, 1000, 1029, 1057, 1500, 2000, 2500]
77,trimed_rice,change KNN,1.0,0.8336617550003211,[0, 500, 1000, 1500, 2000, 2500],[0, 500, 1000, 1500, 2000, 2500]
77,trimed_rice,KCP-rbf,0.0,1.754736376999972,[0, 500, 1000, 1500, 2000, 2500],[0, 2500]
77,trimed_rice,KCP-linear,1.0,1.0154113569997207,[0, 500, 1000, 1500, 2000, 2500],[0, 500, 1000, 1500, 2000, 2500]
77,trimed_rice,MultiRank,1.0,15.225349150000056,[0, 500, 1000, 1500, 2000, 2500],[   0  500 1000 1500 2000 2500]
77,trimed_rice,Change Forest,1.0,2.8231545290000213,[0, 500, 1000, 1500, 2000, 2500],[0, 500, 1000, 1500, 2000, 2500]
78,trimed_rice,Change in Mean,0.8520250335446855,0.0006780210001124942,[0, 500, 1000, 1500, 2000, 2500],[0, 25, 235, 261, 287, 312, 346, 417, 474, 500, 1000, 1500, 2000, 2097, 2500]
78,trimed_rice,change KNN,1.0,1.2822209679998195,[0, 500, 1000, 1500, 2000, 2500],[0, 500, 1000, 1500, 2000, 2500]
78,trimed_rice,KCP-rbf,0.0,2.784675856999911,[0, 500, 1000, 1500, 2000, 2500],[0, 2500]
78,trimed_rice,KCP-linear,0.9068502620088091,1.0219264130000738,[0, 500, 1000, 1500, 2000, 2500],[0, 6, 25, 245, 249, 288, 311, 348, 350, 497, 500, 1000, 1500, 2000, 2500]
78,trimed_rice,MultiRank,0.7823360334465639,14.809360629999901,[0, 500, 1000, 1500, 2000, 2500],[   0  500 1500 2000 2500]
78,trimed_rice,Change Forest,1.0,2.8852723009999863,[0, 500, 1000, 1500, 2000, 2500],[0, 500, 1000, 1500, 2000, 2500]
79,trimed_rice,Change in Mean,1.0,0.0005061639999439649,[0, 500, 1000, 1500, 2000, 2500],[0, 500, 1000, 1500, 2000, 2500]
79,trimed_rice,change KNN,1.0,0.8423790459996781,[0, 500, 1000, 1500, 2000, 2500],[0, 500, 1000, 1500, 2000, 2500]
79,trimed_rice,KCP-rbf,0.0,1.7416488099997878,[0, 500, 1000, 1500, 2000, 2500],[0, 2500]
79,trimed_rice,KCP-linear,0.9156622288278268,1.0357925470002556,[0, 500, 1000, 1500, 2000, 2500],[0, 500, 1000, 1500, 2000, 2061, 2065, 2200, 2204, 2462, 2466, 2500]
79,trimed_rice,MultiRank,0.7797329384505651,15.476029875999757,[0, 500, 1000, 1500, 2000, 2500],[   0  500 1500 2003 2500]
79,trimed_rice,Change Forest,1.0,4.42423189200008,[0, 500, 1000, 1500, 2000, 2500],[0, 500, 1000, 1500, 2000, 2500]
80,trimed_rice,Change in Mean,0.8662546196602694,0.0023017459998300183,[0, 500, 1000, 1500, 2000, 2500],[0, 500, 1000, 1415, 1500, 2000, 2086, 2126, 2367, 2402, 2462, 2500]
80,trimed_rice,change KNN,1.0,1.0660454359999676,[0, 500, 1000, 1500, 2000, 2500],[0, 500, 1000, 1500, 2000, 2500]
80,trimed_rice,KCP-rbf,0.0,1.7505458139999064,[0, 500, 1000, 1500, 2000, 2500],[0, 2500]
80,trimed_rice,KCP-linear,0.8976263515811049,1.017847348000032,[0, 500, 1000, 1500, 2000, 2500],[0, 500, 1000, 1500, 2000, 2200, 2202, 2206, 2210, 2254, 2270, 2298, 2300, 2400, 2402, 2462, 2465, 2492, 2500]
80,trimed_rice,MultiRank,0.7823360334465639,15.26804428100013,[0, 500, 1000, 1500, 2000, 2500],[   0 1000 1500 2000 2500]
80,trimed_rice,Change Forest,0.9989993989987583,2.8498254249998354,[0, 500, 1000, 1500, 2000, 2500],[0, 500, 1000, 1500, 2001, 2500]
81,trimed_rice,Change in Mean,0.9162423899375082,0.0005874269995729264,[0, 500, 1000, 1500, 2000, 2500],[0, 500, 1001, 1500, 2000, 2162, 2190, 2220, 2247, 2500]
81,trimed_rice,change KNN,0.9989993989987583,0.8269649549997666,[0, 500, 1000, 1500, 2000, 2500],[0, 500, 1001, 1500, 2000, 2500]
81,trimed_rice,KCP-rbf,0.0,1.7413554639997528,[0, 500, 1000, 1500, 2000, 2500],[0, 2500]
81,trimed_rice,KCP-linear,0.9092177457149138,1.379242473999966,[0, 500, 1000, 1500, 2000, 2500],[0, 500, 1001, 1500, 2000, 2006, 2098, 2100, 2168, 2172, 2220, 2222, 2245, 2247, 2500]
81,trimed_rice,MultiRank,0.7814663625185924,15.19175885200002,[0, 500, 1000, 1500, 2000, 2500],[   0  500 1500 2001 2500]
81,trimed_rice,Change Forest,0.9989993989987583,3.7011613059999036,[0, 500, 1000, 1500, 2000, 2500],[0, 500, 1001, 1500, 2000, 2500]
82,trimed_rice,Change in Mean,0.8732076772402627,0.0021535340001719305,[0, 500, 1000, 1500, 2000, 2500],[0, 314, 500, 1000, 1500, 1633, 1664, 2000, 2500]
82,trimed_rice,change KNN,0.9356296675782725,0.8326316309999129,[0, 500, 1000, 1500, 2000, 2500],[0, 500, 1000, 1500, 2000, 2275, 2500]
82,trimed_rice,KCP-rbf,0.0,1.7508305060000566,[0, 500, 1000, 1500, 2000, 2500],[0, 2500]
82,trimed_rice,KCP-linear,0.9083042709190614,1.0316403329998138,[0, 500, 1000, 1500, 2000, 2500],[0, 500, 1000, 1500, 1633, 1856, 1858, 1917, 1926, 2000, 2500]
82,trimed_rice,MultiRank,1.0,15.250645793999865,[0, 500, 1000, 1500, 2000, 2500],[   0  500 1000 1500 2000 2500]
82,trimed_rice,Change Forest,1.0,2.7949100650002947,[0, 500, 1000, 1500, 2000, 2500],[0, 500, 1000, 1500, 2000, 2500]
83,trimed_rice,Change in Mean,0.9675320908091398,0.0008914430000004359,[0, 500, 1000, 1500, 2000, 2500],[0, 500, 999, 1500, 1572, 2000, 2500]
83,trimed_rice,change KNN,0.9989993989987583,0.8260121010002877,[0, 500, 1000, 1500, 2000, 2500],[0, 500, 999, 1500, 2000, 2500]
83,trimed_rice,KCP-rbf,0.0,2.668041156000072,[0, 500, 1000, 1500, 2000, 2500],[0, 2500]
83,trimed_rice,KCP-linear,0.9242564102870947,1.4915157740001632,[0, 500, 1000, 1500, 2000, 2500],[0, 500, 999, 1050, 1052, 1324, 1327, 1500, 2000, 2500]
83,trimed_rice,MultiRank,0.9989993989987583,14.795385473999886,[0, 500, 1000, 1500, 2000, 2500],[   0  500  999 1500 2000 2500]
83,trimed_rice,Change Forest,0.9989993989987583,2.8362873659998513,[0, 500, 1000, 1500, 2000, 2500],[0, 500, 999, 1500, 2000, 2500]
84,trimed_rice,Change in Mean,0.9564878962875436,0.0005565090000345663,[0, 500, 1000, 1500, 2000, 2500],[0, 500, 1000, 1500, 1608, 2000, 2500]
84,trimed_rice,change KNN,0.9989993989987583,0.8374506959999053,[0, 500, 1000, 1500, 2000, 2500],[0, 500, 1000, 1501, 2000, 2500]
84,trimed_rice,KCP-rbf,0.0,1.7460715020001771,[0, 500, 1000, 1500, 2000, 2500],[0, 2500]
84,trimed_rice,KCP-linear,0.910549178474431,1.0162624019999384,[0, 500, 1000, 1500, 2000, 2500],[0, 500, 1000, 1500, 1761, 1764, 1827, 1835, 1881, 1887, 1931, 1935, 2000, 2500]
84,trimed_rice,MultiRank,0.7823360334465639,15.57947404799961,[0, 500, 1000, 1500, 2000, 2500],[   0 1000 1500 2000 2500]
84,trimed_rice,Change Forest,1.0,4.032235670000318,[0, 500, 1000, 1500, 2000, 2500],[0, 500, 1000, 1500, 2000, 2500]
85,trimed_rice,Change in Mean,0.8848861877333382,0.0010027800003626908,[0, 500, 1000, 1500, 2000, 2500],[0, 25, 500, 539, 564, 1000, 1121, 1500, 1954, 2000, 2500]
85,trimed_rice,change KNN,1.0,1.362938498999938,[0, 500, 1000, 1500, 2000, 2500],[0, 500, 1000, 1500, 2000, 2500]
85,trimed_rice,KCP-rbf,0.0,1.7511900330000572,[0, 500, 1000, 1500, 2000, 2500],[0, 2500]
85,trimed_rice,KCP-linear,0.9619157099485213,1.0399509799999578,[0, 500, 1000, 1500, 2000, 2500],[0, 500, 539, 543, 959, 969, 1000, 1500, 2000, 2500]
85,trimed_rice,MultiRank,1.0,15.119381664999764,[0, 500, 1000, 1500, 2000, 2500],[   0  500 1000 1500 2000 2500]
85,trimed_rice,Change Forest,1.0,2.8324145299998236,[0, 500, 1000, 1500, 2000, 2500],[0, 500, 1000, 1500, 2000, 2500]
86,trimed_rice,Change in Mean,0.8938432141791971,0.0006467230000453128,[0, 500, 1000, 1500, 2000, 2500],[0, 30, 56, 83, 111, 142, 172, 205, 235, 500, 1000, 1472, 1500, 2000, 2500]
86,trimed_rice,change KNN,1.0,0.8433986599998207,[0, 500, 1000, 1500, 2000, 2500],[0, 500, 1000, 1500, 2000, 2500]
86,trimed_rice,KCP-rbf,0.0,1.748499210999853,[0, 500, 1000, 1500, 2000, 2500],[0, 2500]
86,trimed_rice,KCP-linear,0.9216409761403747,1.0453899350000029,[0, 500, 1000, 1500, 2000, 2500],[0, 142, 145, 225, 228, 500, 1000, 1500, 2000, 2500]
86,trimed_rice,MultiRank,0.7823360334465639,15.354476528000305,[0, 500, 1000, 1500, 2000, 2500],[   0  500 1500 2000 2500]
86,trimed_rice,Change Forest,1.0,4.065454965999834,[0, 500, 1000, 1500, 2000, 2500],[0, 500, 1000, 1500, 2000, 2500]
87,trimed_rice,Change in Mean,1.0,0.0004959309999321704,[0, 500, 1000, 1500, 2000, 2500],[0, 500, 1000, 1500, 2000, 2500]
87,trimed_rice,change KNN,1.0,0.8397642420000011,[0, 500, 1000, 1500, 2000, 2500],[0, 500, 1000, 1500, 2000, 2500]
87,trimed_rice,KCP-rbf,0.0,1.710462596999605,[0, 500, 1000, 1500, 2000, 2500],[0, 2500]
87,trimed_rice,KCP-linear,0.9199493541410918,1.0066013999999086,[0, 500, 1000, 1500, 2000, 2500],[0, 500, 1000, 1500, 2000, 2171, 2174, 2194, 2197, 2454, 2458, 2500]
87,trimed_rice,MultiRank,0.7818446479782217,15.15481563000003,[0, 500, 1000, 1500, 2000, 2500],[   0  500 1000 1999 2500]
87,trimed_rice,Change Forest,1.0,2.8222974219997923,[0, 500, 1000, 1500, 2000, 2500],[0, 500, 1000, 1500, 2000, 2500]
88,trimed_rice,Change in Mean,0.9480397790724912,0.0005466809998324607,[0, 500, 1000, 1500, 2000, 2500],[0, 64, 443, 468, 500, 1000, 1500, 2000, 2500]
88,trimed_rice,change KNN,1.0,0.8402262409999821,[0, 500, 1000, 1500, 2000, 2500],[0, 500, 1000, 1500, 2000, 2500]
88,trimed_rice,KCP-rbf,0.0,2.187921161000304,[0, 500, 1000, 1500, 2000, 2500],[0, 2500]
88,trimed_rice,KCP-linear,0.9071517508687261,1.7142740560002494,[0, 500, 1000, 1500, 2000, 2500],[0, 11, 32, 274, 276, 337, 340, 444, 449, 457, 466, 478, 480, 500, 1000, 1500, 2000, 2500]
88,trimed_rice,MultiRank,0.9980008048108889,15.263750810000147,[0, 500, 1000, 1500, 2000, 2500],[   0  502 1000 1500 2000 2500]
88,trimed_rice,Change Forest,1.0,2.83524773299996,[0, 500, 1000, 1500, 2000, 2500],[0, 500, 1000, 1500, 2000, 2500]
89,trimed_rice,Change in Mean,0.7989402761822268,0.0006943240000509832,[0, 500, 1000, 1500, 2000, 2500],[0, 157, 223, 500, 1000, 1077, 1103, 1190, 1227, 1266, 1308, 1349, 1379, 1500, 2000, 2500]
89,trimed_rice,change KNN,1.0,0.833499947999826,[0, 500, 1000, 1500, 2000, 2500],[0, 500, 1000, 1500, 2000, 2500]
89,trimed_rice,KCP-rbf,0.0,1.734399270999802,[0, 500, 1000, 1500, 2000, 2500],[0, 2500]
89,trimed_rice,KCP-linear,0.8904922109558389,1.0091426690000844,[0, 500, 1000, 1500, 2000, 2500],[0, 500, 1000, 1082, 1085, 1090, 1100, 1190, 1193, 1299, 1302, 1363, 1379, 1500, 2000, 2500]
89,trimed_rice,MultiRank,0.7823360334465639,15.091190857000129,[0, 500, 1000, 1500, 2000, 2500],[   0  500 1000 1500 2500]
89,trimed_rice,Change Forest,1.0,3.4471795089998523,[0, 500, 1000, 1500, 2000, 2500],[0, 500, 1000, 1500, 2000, 2500]
90,trimed_rice,Change in Mean,0.8618766418334681,0.0008991839999907825,[0, 500, 1000, 1500, 2000, 2500],[0, 89, 259, 345, 372, 398, 446, 500, 1000, 1500, 1529, 2000, 2030, 2500]
90,trimed_rice,change KNN,0.9692957429237962,1.3516938879997724,[0, 500, 1000, 1500, 2000, 2500],[0, 70, 500, 1000, 1500, 2000, 2500]
90,trimed_rice,KCP-rbf,0.0,2.22540281900001,[0, 500, 1000, 1500, 2000, 2500],[0, 2500]
90,trimed_rice,KCP-linear,0.8921426104157871,1.0249626650002028,[0, 500, 1000, 1500, 2000, 2500],[0, 121, 123, 218, 223, 345, 355, 363, 372, 457, 459, 500, 1000, 1500, 2000, 2500]
90,trimed_rice,MultiRank,0.7823360334465639,15.465836097999727,[0, 500, 1000, 1500, 2000, 2500],[   0  500 1500 2000 2500]
90,trimed_rice,Change Forest,1.0,2.822694758000125,[0, 500, 1000, 1500, 2000, 2500],[0, 500, 1000, 1500, 2000, 2500]
91,trimed_rice,Change in Mean,0.9199746592068829,0.0005637740000565827,[0, 500, 1000, 1500, 2000, 2500],[0, 500, 527, 571, 673, 712, 1000, 1500, 2000, 2500]
91,trimed_rice,change KNN,1.0,0.8439158270002736,[0, 500, 1000, 1500, 2000, 2500],[0, 500, 1000, 1500, 2000, 2500]
91,trimed_rice,KCP-rbf,0.0,1.73856724199959,[0, 500, 1000, 1500, 2000, 2500],[0, 2500]
91,trimed_rice,KCP-linear,0.8849766300135623,1.0237236830002985,[0, 500, 1000, 1500, 2000, 2500],[0, 500, 517, 519, 527, 538, 558, 564, 612, 615, 696, 712, 719, 721, 762, 764, 788, 790, 921, 925, 1000, 1500, 2000, 2500]
91,trimed_rice,MultiRank,0.7814663625185924,15.519903985999917,[0, 500, 1000, 1500, 2000, 2500],[   0  500  999 1500 2500]
91,trimed_rice,Change Forest,1.0,4.360766988999785,[0, 500, 1000, 1500, 2000, 2500],[0, 500, 1000, 1500, 2000, 2500]
92,trimed_rice,Change in Mean,0.7898121623214996,0.0005827049999425071,[0, 500, 1000, 1500, 2000, 2500],[0, 195, 500, 932, 1000, 1322, 1385, 1500, 1578, 2000, 2500]
92,trimed_rice,change KNN,1.0,0.8289726099997097,[0, 500, 1000, 1500, 2000, 2500],[0, 500, 1000, 1500, 2000, 2500]
92,trimed_rice,KCP-rbf,0.0,1.731637313000192,[0, 500, 1000, 1500, 2000, 2500],[0, 2500]
92,trimed_rice,KCP-linear,0.937803162526289,1.0340682259998175,[0, 500, 1000, 1500, 2000, 2500],[0, 193, 195, 500, 1000, 1500, 2000, 2500]
92,trimed_rice,MultiRank,1.0,15.121947652000017,[0, 500, 1000, 1500, 2000, 2500],[   0  500 1000 1500 2000 2500]
92,trimed_rice,Change Forest,1.0,2.7731278530000054,[0, 500, 1000, 1500, 2000, 2500],[0, 500, 1000, 1500, 2000, 2500]
93,trimed_rice,Change in Mean,0.8185413975424521,0.0006226559999049641,[0, 500, 1000, 1500, 2000, 2500],[0, 500, 675, 701, 766, 835, 888, 920, 966, 1000, 1500, 2000, 2229, 2500]
93,trimed_rice,change KNN,1.0,0.8400635660000262,[0, 500, 1000, 1500, 2000, 2500],[0, 500, 1000, 1500, 2000, 2500]
93,trimed_rice,KCP-rbf,0.0,1.966763502000049,[0, 500, 1000, 1500, 2000, 2500],[0, 2500]
93,trimed_rice,KCP-linear,0.9126707632727723,1.6616003559997807,[0, 500, 1000, 1500, 2000, 2500],[0, 500, 682, 685, 888, 901, 1000, 1500, 2000, 2500]
93,trimed_rice,MultiRank,0.7823360334465639,15.413887588999842,[0, 500, 1000, 1500, 2000, 2500],[   0  500 1000 2000 2500]
93,trimed_rice,Change Forest,1.0,2.8412334929998906,[0, 500, 1000, 1500, 2000, 2500],[0, 500, 1000, 1500, 2000, 2500]
94,trimed_rice,Change in Mean,0.8978768579159209,0.0005507450000550307,[0, 500, 1000, 1500, 2000, 2500],[0, 440, 500, 1000, 1500, 1801, 1889, 2000, 2500]
94,trimed_rice,change KNN,1.0,0.843127351000021,[0, 500, 1000, 1500, 2000, 2500],[0, 500, 1000, 1500, 2000, 2500]
94,trimed_rice,KCP-rbf,0.0,1.7597091689999615,[0, 500, 1000, 1500, 2000, 2500],[0, 2500]
94,trimed_rice,KCP-linear,0.949337151999249,1.020656685999711,[0, 500, 1000, 1500, 2000, 2500],[0, 368, 372, 500, 1000, 1500, 2000, 2500]
94,trimed_rice,MultiRank,1.0,14.954257099999722,[0, 500, 1000, 1500, 2000, 2500],[   0  500 1000 1500 2000 2500]
94,trimed_rice,Change Forest,1.0,2.792191214000013,[0, 500, 1000, 1500, 2000, 2500],[0, 500, 1000, 1500, 2000, 2500]
95,trimed_rice,Change in Mean,0.9237095427879329,0.0008700580001459457,[0, 500, 1000, 1500, 2000, 2500],[0, 500, 1000, 1500, 1695, 1748, 2000, 2500]
95,trimed_rice,change KNN,1.0,1.334188574000109,[0, 500, 1000, 1500, 2000, 2500],[0, 500, 1000, 1500, 2000, 2500]
95,trimed_rice,KCP-rbf,0.0,2.6268241110001327,[0, 500, 1000, 1500, 2000, 2500],[0, 2500]
95,trimed_rice,KCP-linear,1.0,1.033708594000018,[0, 500, 1000, 1500, 2000, 2500],[0, 500, 1000, 1500, 2000, 2500]
95,trimed_rice,MultiRank,0.7823360334465639,15.139612291000049,[0, 500, 1000, 1500, 2000, 2500],[   0 1000 1500 2000 2500]
95,trimed_rice,Change Forest,1.0,2.845231285999944,[0, 500, 1000, 1500, 2000, 2500],[0, 500, 1000, 1500, 2000, 2500]
96,trimed_rice,Change in Mean,0.9805075859433802,0.000504523000017798,[0, 500, 1000, 1500, 2000, 2500],[0, 500, 958, 1000, 1500, 2000, 2500]
96,trimed_rice,change KNN,1.0,0.8378577849998692,[0, 500, 1000, 1500, 2000, 2500],[0, 500, 1000, 1500, 2000, 2500]
96,trimed_rice,KCP-rbf,0.0,1.7242265560003034,[0, 500, 1000, 1500, 2000, 2500],[0, 2500]
96,trimed_rice,KCP-linear,0.9506389369087506,1.0432414679999056,[0, 500, 1000, 1500, 2000, 2500],[0, 500, 623, 627, 1000, 1500, 2000, 2500]
96,trimed_rice,MultiRank,0.7823360334465639,15.351283733999935,[0, 500, 1000, 1500, 2000, 2500],[   0  500 1000 1500 2500]
96,trimed_rice,Change Forest,1.0,4.668258418999812,[0, 500, 1000, 1500, 2000, 2500],[0, 500, 1000, 1500, 2000, 2500]
97,trimed_rice,Change in Mean,1.0,0.0008481260001644841,[0, 500, 1000, 1500, 2000, 2500],[0, 500, 1000, 1500, 2000, 2500]
97,trimed_rice,change KNN,1.0,0.8840936230003535,[0, 500, 1000, 1500, 2000, 2500],[0, 500, 1000, 1500, 2000, 2500]
97,trimed_rice,KCP-rbf,0.0,1.7444843420003053,[0, 500, 1000, 1500, 2000, 2500],[0, 2500]
97,trimed_rice,KCP-linear,0.9124588357343604,1.0218339550001474,[0, 500, 1000, 1500, 2000, 2500],[0, 250, 261, 268, 270, 273, 280, 419, 425, 447, 455, 490, 492, 500, 1000, 1500, 2000, 2500]
97,trimed_rice,MultiRank,0.7805986632821621,15.094968635999976,[0, 500, 1000, 1500, 2000, 2500],[   0  498 1000 1500 2500]
97,trimed_rice,Change Forest,1.0,2.8190547889998925,[0, 500, 1000, 1500, 2000, 2500],[0, 500, 1000, 1500, 2000, 2500]
98,trimed_rice,Change in Mean,0.8617286190043479,0.0009328490000370948,[0, 500, 1000, 1500, 2000, 2500],[0, 115, 401, 437, 500, 607, 636, 1000, 1500, 2000, 2500]
98,trimed_rice,change KNN,1.0,0.8218671650001852,[0, 500, 1000, 1500, 2000, 2500],[0, 500, 1000, 1500, 2000, 2500]
98,trimed_rice,KCP-rbf,0.0,1.721406897000179,[0, 500, 1000, 1500, 2000, 2500],[0, 2500]
98,trimed_rice,KCP-linear,0.9530587155674279,1.5164835169998696,[0, 500, 1000, 1500, 2000, 2500],[0, 500, 521, 523, 607, 611, 1000, 1500, 2000, 2500]
98,trimed_rice,MultiRank,0.7814663625185924,15.090878201000123,[0, 500, 1000, 1500, 2000, 2500],[   0  499 1000 2000 2500]
98,trimed_rice,Change Forest,1.0,3.6157574779999777,[0, 500, 1000, 1500, 2000, 2500],[0, 500, 1000, 1500, 2000, 2500]
99,trimed_rice,Change in Mean,0.9062201514982331,0.0005598429997917265,[0, 500, 1000, 1500, 2000, 2500],[0, 500, 1000, 1500, 2000, 2073, 2101, 2151, 2215, 2259, 2500]
99,trimed_rice,change KNN,1.0,0.8346838359998401,[0, 500, 1000, 1500, 2000, 2500],[0, 500, 1000, 1500, 2000, 2500]
99,trimed_rice,KCP-rbf,0.0,1.7570034290001786,[0, 500, 1000, 1500, 2000, 2500],[0, 2500]
99,trimed_rice,KCP-linear,0.8931776560984513,1.0258915589997741,[0, 500, 1000, 1500, 2000, 2500],[0, 500, 1000, 1500, 2000, 2073, 2080, 2146, 2151, 2234, 2253, 2299, 2301, 2323, 2327, 2500]
99,trimed_rice,MultiRank,0.7823360334465639,15.716042402999847,[0, 500, 1000, 1500, 2000, 2500],[   0  500 1000 2000 2500]
99,trimed_rice,Change Forest,1.0,2.8266538409998248,[0, 500, 1000, 1500, 2000, 2500],[0, 500, 1000, 1500, 2000, 2500]
100,trimed_rice,Change in Mean,0.9605764246309076,0.0006181759999890346,[0, 500, 1000, 1500, 2000, 2500],[0, 500, 1000, 1031, 1444, 1471, 1500, 2000, 2500]
100,trimed_rice,change KNN,0.9853091947834945,1.1157888779998757,[0, 500, 1000, 1500, 2000, 2500],[0, 500, 1000, 1500, 1531, 2000, 2500]
100,trimed_rice,KCP-rbf,0.0,2.699155998000151,[0, 500, 1000, 1500, 2000, 2500],[0, 2500]
100,trimed_rice,KCP-linear,0.9093517180768609,1.140586231999805,[0, 500, 1000, 1500, 2000, 2500],[0, 500, 1000, 1026, 1031, 1225, 1236, 1428, 1430, 1444, 1447, 1500, 2000, 2500]
100,trimed_rice,MultiRank,0.9970042210300514,14.795421523999721,[0, 500, 1000, 1500, 2000, 2500],[   0  500 1003 1500 2000 2500]
100,trimed_rice,Change Forest,1.0,2.7855432300002576,[0, 500, 1000, 1500, 2000, 2500],[0, 500, 1000, 1500, 2000, 2500]
